latitude,longitude,depth,mag,nst,gap,dmin,rms,net,horizontalError,depthError,magError,magNst
50.7737,159.8055,10.0,4.5,28,132.0,2.364,0.79,us,5.84,1.847,0.135,16
-32.1463,-71.879,32.307,4.0,27,141.0,0.774,0.68,us,5.25,5.755,0.299,3
49.6921,159.6208,10.0,4.4,40,136.0,3.391,1.1,us,10.2,1.914,0.101,28
51.2443,157.5855,78.229,4.5,61,126.0,1.868,0.68,us,9.66,7.218,0.041,172
51.5596,159.7074,29.499,4.6,68,165.0,1.604,0.86,us,10.5,6.616,0.078,49
51.2196,159.7842,10.0,4.6,30,138.0,1.937,1.1,us,9.62,1.916,0.114,23
-1.046,-13.0171,10.0,4.9,28,96.0,11.184,1.21,us,12.25,1.877,0.091,38
-4.979,153.1751,59.418,4.4,19,152.0,1.276,0.5,us,10.36,8.067,0.149,13
-21.0347,-11.6613,10.0,4.6,18,85.0,7.548,0.47,us,8.12,1.894,0.141,15
51.6328,159.5252,10.0,4.5,33,126.0,1.493,0.45,us,6.26,1.902,0.089,40
34.329,7.478,10.0,4.5,51,94.0,2.076,0.94,us,9.0,1.879,0.071,58
53.0455,160.5656,35.871,4.3,18,117.0,1.157,0.92,us,5.01,8.19,0.168,11
15.1922,-94.5793,10.0,4.5,64,129.0,1.582,1.18,us,5.68,1.856,0.053,103
-57.7079,-25.8527,85.363,4.5,16,131.0,6.88,0.84,us,15.41,9.09,0.14,15
34.1975,87.7608,10.0,4.2,27,140.0,5.316,0.87,us,12.01,1.931,0.128,17
51.5978,159.6614,35.0,4.3,19,154.0,1.557,0.62,us,8.84,1.918,0.133,16
52.5535,160.5109,31.366,4.5,66,149.0,1.224,0.97,us,10.89,6.661,0.074,54
-6.5211,154.6133,10.0,4.1,20,97.0,6.025,0.84,us,9.75,1.791,0.14,15
40.5065,144.9975,10.0,4.5,55,136.0,2.048,0.44,us,7.17,1.893,0.095,34
40.8139,143.0055,44.87,4.0,29,142.0,1.205,1.22,us,6.32,8.366,0.125,17
4.1563,126.7115,38.154,4.2,31,110.0,1.356,0.85,us,7.6,8.11,0.112,24
52.1532,160.3244,29.982,4.4,23,192.0,1.343,0.71,us,14.31,7.647,0.134,16
51.457,159.4595,35.0,4.8,95,135.0,1.646,0.81,us,9.71,1.91,0.064,75
52.919,160.6041,35.0,4.3,33,162.0,1.186,0.66,us,12.66,1.901,0.116,21
53.0009,160.6658,35.0,4.6,27,118.0,1.218,0.93,us,10.13,1.919,0.107,26
52.3341,160.7572,10.0,5.2,61,78.0,1.457,0.73,us,10.46,1.882,0.068,72
7.0654,126.8348,63.43,5.9,170,66.0,1.246,0.64,us,8.81,5.292,0.051,142
52.5372,158.9161,72.361,5.2,105,109.0,0.513,0.81,us,8.37,5.849,0.02,811
33.5309,81.8601,10.0,4.2,25,155.0,7.891,0.85,us,11.57,1.936,0.166,10
52.7253,161.0937,35.0,4.5,33,132.0,1.511,0.63,us,12.31,1.934,0.093,34
16.5297,-59.6704,10.0,4.2,21,178.0,1.347,0.58,us,5.22,1.893,0.264,4
-5.0217,149.9816,10.0,4.3,13,151.0,2.158,0.65,us,9.65,1.917,0.169,10
55.6669,164.9884,10.0,5.0,136,119.0,4.557,0.59,us,9.53,1.884,0.023,597
50.0259,156.9525,35.0,4.5,59,127.0,3.122,0.56,us,10.2,1.926,0.08,46
-17.6371,-175.1886,272.933,4.3,36,73.0,4.949,0.49,us,12.3,8.458,0.102,27
-55.7026,-27.6201,88.876,4.7,19,124.0,5.3,0.68,us,12.83,7.29,0.12,21
5.8112,125.5447,67.379,4.6,78,86.0,1.073,0.69,us,8.45,5.791,0.067,67
53.7879,-165.5072,63.549,3.6,34,170.0,0.342,0.32,us,5.81,11.269,0.125,16
-17.2837,-178.5077,550.557,4.3,31,130.0,14.227,0.55,us,15.73,9.888,0.101,28
48.8521,-129.174,10.0,4.1,15,161.0,0.93,0.75,us,8.24,1.965,0.099,28
-2.1435,139.3604,52.887,4.8,40,78.0,1.332,0.73,us,4.87,7.087,0.097,38
29.3983,129.3391,10.0,4.5,37,93.0,2.313,0.64,us,8.7,1.864,0.09,39
52.5061,160.862,10.0,4.2,38,145.0,1.441,1.23,us,10.94,1.96,0.112,25
24.7683,66.3744,10.0,4.2,24,177.0,9.238,1.24,us,10.75,1.962,0.124,18
41.0148,51.8809,53.722,4.2,41,134.0,2.641,0.88,us,10.16,10.756,0.084,39
40.7832,142.2579,54.203,4.2,56,135.0,0.906,0.71,us,7.13,7.576,0.088,36
31.9675,131.9413,31.361,4.4,44,98.0,1.348,0.81,us,5.9,6.555,0.107,25
52.7109,160.4741,10.0,4.2,40,199.0,1.149,0.44,us,8.8,1.884,0.078,46
27.1149,52.9585,10.0,4.0,19,172.0,3.632,0.5,us,12.6,1.967,0.163,10
-20.746,-178.7006,600.135,4.5,34,134.0,4.623,0.69,us,16.05,11.052,0.096,32
51.3272,158.5545,40.888,4.6,57,118.0,1.7,0.86,us,9.62,7.098,0.057,94
51.3849,159.5603,10.0,4.4,30,158.0,1.734,1.2,us,8.55,1.932,0.126,18
-16.9336,-178.345,455.142,4.0,35,66.0,2.236,0.68,us,14.53,8.544,0.095,34
0.4719,-79.3622,57.913,4.4,32,116.0,0.954,0.38,us,3.75,9.028,0.134,16
-56.2066,-24.8489,10.0,4.5,16,122.0,6.928,0.74,us,9.73,1.824,0.139,15
15.7411,-98.2903,10.0,4.2,92,225.0,0.667,1.4,us,2.89,1.977,0.055,93
-10.857,161.4929,10.0,4.6,26,110.0,2.074,0.48,us,8.47,1.91,0.129,18
-21.6177,-68.623,135.912,4.2,16,88.0,0.602,0.7,us,6.78,5.852,0.236,5
31.4462,140.1365,10.0,4.6,72,132.0,1.686,0.36,us,9.02,1.904,0.071,59
-19.0942,169.6384,10.0,4.2,26,109.0,4.057,0.81,us,8.52,1.914,0.121,19
31.352,50.2291,10.0,4.2,37,146.0,5.271,0.45,us,10.71,1.945,0.113,22
-6.261,155.0497,132.382,4.6,60,67.0,3.534,0.7,us,9.1,3.903,0.053,105
2.4029,128.4917,230.487,4.5,82,77.0,1.972,0.78,us,8.45,7.24,0.067,65
51.4181,159.6997,10.0,5.3,110,80.0,1.733,1.01,us,7.52,1.777,0.026,488
46.0539,152.9109,10.0,4.2,16,234.0,7.714,0.46,us,9.2,1.994,0.166,10
-5.5698,152.3977,10.0,4.2,21,157.0,1.389,0.86,us,7.85,1.602,0.147,16
-17.4593,-69.7316,174.678,4.2,23,173.0,0.273,0.68,us,6.3,5.078,0.141,14
-15.9574,-174.2593,82.25,4.9,20,112.0,3.143,0.73,us,13.45,3.567,0.177,10
52.0022,159.2389,49.491,4.7,119,124.0,1.084,0.79,us,7.32,4.853,0.033,278
57.8398,155.8146,10.0,4.5,40,95.0,3.155,0.58,us,9.43,1.889,0.088,38
5.74,126.9419,103.651,4.7,60,63.0,1.767,0.55,us,6.05,5.935,0.071,61
-2.8451,129.5201,10.0,4.6,55,50.0,1.71,0.52,us,2.71,1.873,0.072,57
-24.2017,179.9504,495.051,4.3,31,116.0,6.664,0.83,us,14.53,10.424,0.096,31
52.7286,160.5232,10.0,4.8,31,110.0,1.173,1.28,us,5.66,1.839,0.101,30
51.2679,179.5187,49.643,5.0,97,135.0,0.175,0.9,us,5.54,6.596,0.025,519
40.9078,35.1689,10.0,4.3,69,33.0,1.109,0.82,us,2.35,1.842,0.103,27
4.032,122.8975,556.158,4.5,65,37.0,2.666,0.54,us,11.18,9.198,0.077,49
18.6559,145.5107,227.258,4.5,46,111.0,3.406,0.55,us,12.09,8.537,0.087,39
-58.767,-24.9017,10.0,4.5,41,83.0,7.82,0.48,us,11.33,1.873,0.091,35
-6.7723,121.8347,10.0,4.7,34,78.0,2.058,0.93,us,6.33,1.9,0.111,26
51.1787,157.9073,62.749,4.4,21,138.0,1.903,0.95,us,11.38,8.407,0.155,12
53.2545,159.9288,55.409,4.4,33,143.0,0.804,0.99,us,12.23,5.87,0.098,30
2.7836,-31.3642,10.0,4.6,33,90.0,9.679,1.13,us,6.76,1.872,0.094,34
52.5294,160.7131,35.786,4.2,30,120.0,1.347,0.82,us,10.78,7.86,0.121,19
-60.075,-62.4621,10.0,4.8,22,133.0,4.774,0.85,us,9.47,1.862,0.131,19
-15.5916,-7.1765,10.0,4.4,17,91.0,1.425,1.16,us,11.46,1.905,0.138,15
73.2029,6.4369,10.0,4.1,14,88.0,5.893,0.35,us,5.5,1.935,0.198,7
-37.6986,51.5081,10.0,4.4,25,82.0,18.984,1.17,us,14.03,1.895,0.117,21
-16.9042,-173.874,10.0,4.6,28,81.0,3.597,0.67,us,11.24,1.596,0.128,18
7.1332,127.5707,10.0,4.1,23,115.0,1.977,0.93,us,10.85,1.919,0.124,18
55.9258,162.6895,46.586,4.1,23,150.0,3.743,0.39,us,8.15,9.932,0.12,19
53.4066,-163.5687,25.866,3.6,61,166.0,1.245,0.5,us,5.94,7.359,0.158,11
51.883,160.538,10.0,4.9,99,122.0,1.625,0.87,us,8.88,1.874,0.049,129
52.5607,158.8308,75.31,4.2,31,133.0,0.476,0.77,us,8.91,6.536,0.107,24
-3.0811,101.266,61.92,5.1,111,107.0,2.111,0.8,us,8.61,5.702,0.055,107
52.5202,162.3847,10.0,4.2,34,122.0,2.324,0.49,us,7.47,1.878,0.112,22
52.1346,161.0574,13.172,4.4,25,119.0,1.718,0.64,us,11.27,5.719,0.135,16
-59.1535,-26.1201,35.0,4.5,16,177.0,15.687,0.78,us,9.01,1.992,0.14,16
27.1927,140.1665,457.226,4.5,95,53.0,1.801,0.68,us,10.72,6.82,0.03,327
-24.2946,-67.2128,170.193,4.2,41,55.0,1.604,0.73,us,4.46,8.822,0.147,13
50.5209,158.2162,10.0,4.8,92,124.0,2.521,0.84,us,8.33,1.872,0.034,267
11.7644,143.2277,10.0,4.7,25,128.0,2.419,0.77,us,6.02,1.919,0.091,37
53.6202,160.0204,68.065,4.2,51,143.0,1.017,0.41,us,10.9,8.358,0.082,41
7.0351,127.1939,10.0,5.1,85,43.0,1.603,0.85,us,6.21,1.858,0.051,123
21.658,143.1069,353.902,3.8,18,130.0,5.478,1.13,us,15.36,11.352,0.135,14
51.4935,159.882,32.936,4.3,19,137.0,1.709,0.81,us,9.31,6.917,0.177,11
-24.3338,-67.2404,157.946,4.1,28,91.0,1.623,0.96,us,9.78,8.792,0.123,18
-22.9566,-68.5438,115.506,4.4,27,66.0,0.336,0.73,us,6.14,5.432,0.123,19
51.0671,160.6301,10.0,4.5,117,132.0,2.309,0.61,us,8.6,1.881,0.044,155
3.9968,125.8645,86.404,4.1,17,128.0,0.826,0.77,us,15.07,8.421,0.15,12
-32.3472,-71.9528,30.24,4.2,27,185.0,0.721,0.37,us,3.69,7.552,0.263,4
21.2003,95.7149,141.521,4.1,30,138.0,2.824,1.21,us,12.66,10.766,0.12,19
49.562,92.4647,10.0,5.4,94,83.0,5.469,0.87,us,8.22,1.856,0.029,408
9.236,93.841,10.0,4.7,61,70.0,5.034,0.66,us,9.0,1.884,0.069,63
52.1276,160.2459,29.823,4.4,27,124.0,1.324,1.15,us,10.35,6.115,0.112,23
17.6585,146.1456,153.099,4.7,71,129.0,2.428,1.0,us,11.76,7.723,0.043,163
52.5535,160.6703,10.0,4.8,88,116.0,1.314,0.96,us,8.4,1.876,0.034,269
-7.5009,127.584,158.81,4.3,17,73.0,3.971,0.72,us,10.15,8.277,0.168,12
5.0719,125.6202,43.832,4.4,39,60.0,0.365,0.71,us,7.08,5.891,0.102,28
41.7698,88.1512,10.0,4.7,69,105.0,6.155,0.52,us,9.9,1.886,0.063,78
50.3673,156.5662,81.153,4.1,27,135.0,2.834,0.62,us,13.15,8.484,0.117,20
51.7035,160.3373,10.0,4.9,42,126.0,1.679,0.61,us,9.87,1.909,0.086,42
52.7333,160.9824,10.0,5.7,101,100.0,1.443,0.76,us,8.81,1.858,0.038,250
-21.702,-68.3037,117.885,4.5,73,75.0,0.877,0.94,us,7.02,7.011,0.069,62
50.9121,160.1227,10.0,4.4,38,223.0,2.302,0.67,us,11.44,1.981,0.095,32
37.8141,144.1232,10.0,4.5,44,136.0,3.802,0.86,us,9.7,1.898,0.102,29
-1.0187,-13.4111,10.0,4.9,42,75.0,44.573,0.47,us,14.62,1.874,0.091,38
49.9828,158.2756,10.0,5.0,167,102.0,3.054,0.52,us,5.62,1.823,0.047,146
13.4269,53.9278,10.0,4.3,17,192.0,10.984,0.48,us,15.97,1.99,0.16,12
52.915,160.6201,35.0,4.3,15,170.0,1.196,0.81,us,9.34,1.987,0.201,7
43.4857,147.8117,35.0,4.0,20,187.0,3.73,0.56,us,13.95,1.966,0.156,11
50.2881,159.6747,10.0,4.0,25,134.0,2.813,0.64,us,11.15,1.929,0.134,15
48.5218,153.455,121.27,4.6,86,128.0,5.321,0.91,us,9.77,7.035,0.031,319
49.2429,156.3237,36.446,4.9,66,134.0,3.966,0.94,us,9.88,7.13,0.043,172
7.7293,-37.0934,10.0,4.8,59,109.0,13.519,0.67,us,8.92,1.88,0.061,83
51.2104,159.0646,10.0,4.3,22,138.0,1.834,0.6,us,11.69,1.937,0.148,13
37.642,77.8563,10.0,4.4,46,96.0,3.706,0.77,us,8.03,1.9,0.112,23
52.0699,160.165,27.4,4.4,36,134.0,1.33,0.57,us,11.02,5.624,0.094,33
-3.7105,101.6678,49.471,4.9,75,64.0,1.438,0.86,us,7.16,6.871,0.062,82
-6.1184,147.6197,68.815,4.2,15,130.0,3.297,0.62,us,5.99,12.188,0.175,9
-57.1047,-66.6962,10.0,4.9,65,106.0,3.904,0.87,us,11.22,1.885,0.075,61
11.5957,-87.3782,44.982,4.4,79,150.0,2.078,0.63,us,9.19,8.755,0.066,69
-57.7724,157.7288,10.0,4.2,8,145.0,3.351,0.52,us,12.29,1.964,0.187,8
52.2749,160.9115,10.0,4.2,32,164.0,1.569,0.8,us,11.84,1.954,0.112,22
52.4951,160.8899,10.0,5.4,99,109.0,1.46,1.35,us,7.04,1.728,0.029,390
-6.4544,131.2977,35.0,4.5,31,93.0,3.637,0.48,us,12.22,1.931,0.11,24
32.5027,142.4884,10.0,4.4,22,129.0,2.334,1.24,us,8.94,1.9,0.155,12
-16.1686,178.2546,10.0,4.2,12,124.0,1.114,0.46,us,7.27,1.454,0.2,9
53.1434,160.2961,43.05,4.5,82,117.0,1.0,1.07,us,8.5,7.387,0.058,87
51.4803,161.0963,10.0,4.4,36,129.0,2.156,0.84,us,9.62,1.903,0.071,57
-4.2459,123.2959,25.0,4.6,79,34.0,0.861,0.63,us,5.47,4.846,0.073,56
53.2248,161.5452,10.0,4.8,70,134.0,1.756,0.78,us,10.16,1.895,0.057,97
51.6325,159.969,25.971,4.5,35,127.0,2.03,0.8,us,9.91,6.015,0.099,30
11.9549,143.5187,10.0,4.4,39,78.0,2.091,0.61,us,9.44,1.9,0.103,27
37.7023,144.0108,10.0,4.6,80,134.0,3.838,0.5,us,9.62,1.892,0.07,62
32.1565,140.3549,96.348,4.5,77,114.0,4.221,0.78,us,8.23,5.742,0.066,67
-5.8614,150.091,78.12,4.3,21,128.0,2.649,0.72,us,9.22,8.296,0.142,14
16.3742,-59.7104,10.0,4.9,51,129.0,1.303,0.66,us,7.28,1.934,0.04,199
-23.9394,-179.8439,532.881,4.2,25,125.0,6.469,0.73,us,21.06,24.442,0.115,21
51.6538,160.1251,26.207,4.0,15,127.0,1.643,0.55,us,7.46,6.66,0.212,7
27.4383,126.6717,171.94,4.6,52,64.0,1.548,0.94,us,8.26,7.572,0.056,97
14.9447,147.0388,37.539,4.6,94,102.0,1.238,0.7,us,7.91,6.952,0.061,86
-6.8978,129.9973,108.8,4.3,10,121.0,4.544,0.45,us,8.17,10.504,0.377,2
-9.5515,112.6251,36.169,4.0,14,90.0,1.852,0.81,us,7.13,11.179,0.164,10
-58.3364,-23.3069,10.0,5.0,71,51.0,8.374,0.67,us,10.3,1.795,0.078,52
14.2504,145.3742,107.108,4.4,44,72.0,1.058,0.64,us,10.64,7.304,0.095,32
12.8319,145.5557,10.0,4.5,32,117.0,1.007,0.69,us,6.59,1.893,0.116,22
-47.9602,116.4118,10.0,4.5,21,124.0,15.029,0.29,us,15.23,1.928,0.124,19
51.4172,161.0597,10.0,4.1,35,129.0,2.187,0.51,us,6.68,1.856,0.091,33
52.4521,160.737,10.0,4.6,85,122.0,1.392,0.9,us,9.0,1.884,0.043,162
-21.361,-179.4138,600.638,4.4,80,101.0,4.318,0.79,us,12.48,9.196,0.06,80
54.5675,160.2387,10.0,4.3,31,133.0,2.098,0.86,us,14.35,1.903,0.066,65
41.0304,143.2638,33.371,4.3,37,136.0,0.987,0.77,us,5.0,3.741,0.1,28
-58.6924,-22.8409,10.0,4.4,17,105.0,15.362,0.72,us,12.96,1.837,0.143,14
44.0317,146.4922,85.846,4.3,19,149.0,2.811,0.67,us,9.87,8.477,0.116,21
51.9812,160.3504,28.392,4.5,32,137.0,1.473,1.22,us,12.51,6.108,0.118,21
-15.0605,166.1438,10.0,4.6,53,60.0,1.092,0.89,us,8.34,1.871,0.082,44
34.5946,140.4511,96.05,4.1,23,137.0,1.568,0.73,us,9.87,8.161,0.139,14
-22.2645,-68.5286,114.878,4.1,23,47.0,0.757,0.7,us,4.01,6.09,0.151,12
-35.3543,-179.7076,10.0,4.1,21,152.0,2.724,0.55,us,8.37,1.929,0.198,10
-29.6391,-177.4915,35.0,4.1,11,260.0,9.693,0.54,us,12.02,1.989,0.213,6
-47.7942,116.0167,10.0,4.8,25,93.0,14.878,0.67,us,12.94,1.909,0.135,22
51.2005,157.2175,87.431,4.1,30,134.0,1.934,0.7,us,11.68,8.125,0.12,19
83.2412,-32.7761,10.0,4.3,37,83.0,2.684,1.09,us,8.69,1.902,0.089,39
38.3833,72.3576,10.0,4.4,19,151.0,0.122,0.88,us,6.8,1.988,0.22,6
29.2813,129.4995,10.0,4.5,47,110.0,2.368,0.98,us,7.21,1.879,0.09,39
52.3429,160.6467,10.0,4.4,39,159.0,1.394,0.8,us,10.52,1.94,0.09,35
46.4211,149.7086,188.916,4.1,31,104.0,5.524,0.96,us,9.68,7.08,0.135,16
-54.9048,-129.2594,10.0,5.1,31,111.0,32.639,0.88,us,13.79,1.88,0.106,29
33.9463,87.78,10.0,4.2,46,142.0,5.099,0.61,us,11.62,1.907,0.1,28
8.4837,125.9407,10.0,4.5,28,101.0,1.45,1.0,us,10.86,1.912,0.135,22
50.227,-179.392,10.0,3.6,60,198.0,1.378,0.57,us,5.92,1.962,0.089,32
39.7192,142.2656,56.172,4.4,53,134.0,1.41,0.8,us,7.11,5.95,0.095,33
51.9077,-177.3059,10.0,4.7,28,71.0,0.069,1.07,us,3.07,1.92,0.12,24
1.9255,-30.7366,10.0,4.5,35,82.0,19.923,0.61,us,13.47,1.904,0.099,30
-29.2171,-179.1095,345.018,4.1,33,101.0,1.032,0.57,us,13.11,8.304,0.103,26
49.753,157.3946,10.0,4.6,40,138.0,3.365,0.58,us,11.71,1.902,0.106,27
53.4061,6.6807,5.0,3.8,25,83.0,2.979,1.11,us,6.8,1.985,0.295,3
53.5974,161.4502,35.0,4.2,20,184.0,1.776,0.76,us,8.7,1.983,0.159,12
48.7866,154.5091,80.415,4.4,34,135.0,4.773,1.05,us,9.81,7.185,0.085,40
-24.1493,-179.7945,514.138,4.3,31,133.0,10.473,0.6,us,9.92,14.995,0.106,25
51.4392,159.2978,10.0,4.1,35,167.0,1.636,0.51,us,11.98,1.956,0.102,26
-15.1257,-173.7287,126.869,4.2,12,137.0,6.777,0.62,us,11.35,8.028,0.216,7
50.2685,158.5438,10.0,4.7,39,133.0,2.76,0.81,us,6.78,1.708,0.072,67
52.2481,160.418,10.0,4.4,36,121.0,1.328,1.2,us,9.75,1.898,0.1,31
51.9756,161.0779,10.0,4.5,59,173.0,1.818,0.96,us,11.03,1.939,0.057,91
52.3877,161.6361,10.0,4.5,93,120.0,1.925,0.5,us,6.83,1.87,0.057,91
52.0097,161.0573,10.0,4.7,65,125.0,1.787,0.59,us,10.45,1.914,0.044,154
-6.0866,147.7569,59.022,4.4,36,72.0,3.349,0.41,us,6.97,5.924,0.098,30
51.8911,160.372,10.0,4.5,18,160.0,1.548,0.78,us,11.43,1.955,0.15,16
15.8388,-96.2319,33.717,4.7,57,149.0,2.818,0.9,us,9.06,5.658,0.028,373
17.8001,40.1464,10.0,4.6,89,53.0,5.193,0.37,us,7.74,1.804,0.063,75
39.2087,28.2723,10.0,4.5,35,64.0,1.072,0.41,us,5.01,1.884,0.124,19
-17.1129,-178.7501,561.183,4.0,25,75.0,1.908,0.91,us,14.68,9.697,0.122,18
51.5988,159.9383,10.0,4.7,64,174.0,1.631,0.65,us,7.27,1.895,0.064,75
28.3641,141.9716,36.792,4.2,34,134.0,1.278,0.74,us,8.58,7.356,0.105,25
-10.385,160.8038,13.993,4.9,69,83.0,1.263,0.64,us,7.44,3.729,0.064,78
54.7831,160.2415,10.0,4.2,23,137.0,1.999,0.34,us,7.13,1.917,0.105,25
-7.3196,147.8867,58.863,5.1,105,29.0,2.193,0.58,us,8.9,5.169,0.058,96
-47.2472,97.1715,10.0,4.4,13,108.0,18.027,0.28,us,14.74,1.955,0.17,10
-2.3416,100.7966,56.414,4.6,33,132.0,2.944,1.06,us,9.77,8.066,0.128,18
50.9661,158.7269,38.109,4.5,51,129.0,2.061,0.94,us,9.45,7.362,0.054,101
51.5233,159.93,10.0,4.3,23,167.0,1.696,0.84,us,7.72,1.957,0.129,17
-8.639,-76.1226,10.0,4.7,58,128.0,3.402,0.7,us,10.23,1.88,0.068,65
28.2195,103.9971,10.0,4.7,56,59.0,5.222,0.67,us,8.17,1.864,0.077,51
-34.887,78.6878,10.0,4.9,65,59.0,33.29,0.45,us,12.84,1.825,0.079,51
-6.7302,116.1086,558.862,4.2,48,51.0,2.598,0.65,us,12.64,4.381,0.118,20
-5.702,-81.2004,10.0,5.1,142,62.0,3.753,0.52,us,11.13,4.23,0.048,140
-21.0164,-176.9619,330.208,4.2,13,105.0,5.697,0.85,us,12.85,8.05,0.175,9
39.6768,143.2987,27.307,4.0,12,158.0,2.04,0.44,us,9.04,7.785,0.231,5
-20.7394,-177.7569,477.638,4.4,48,124.0,4.954,0.87,us,14.41,8.027,0.09,36
52.2529,159.1501,69.104,4.2,21,229.0,0.83,0.78,us,13.12,8.87,0.152,12
52.3552,160.4302,10.0,5.2,88,78.0,1.274,0.69,us,8.43,1.848,0.066,76
-2.8652,147.8944,10.0,4.1,13,140.0,0.972,0.52,us,6.56,1.916,0.198,7
41.2729,142.3925,53.775,4.6,85,133.0,0.937,0.56,us,5.9,7.048,0.069,63
28.2943,56.8932,10.0,4.3,25,83.0,3.392,0.85,us,11.77,1.867,0.125,18
52.2023,160.2228,31.82,4.8,93,123.0,1.263,0.74,us,8.25,4.658,0.055,103
51.3415,159.0757,10.0,4.3,28,219.0,1.705,0.55,us,5.75,1.97,0.122,19
-5.4704,145.8681,84.532,4.2,14,197.0,4.113,0.79,us,13.05,12.929,0.167,10
52.1162,159.7255,65.246,4.3,46,138.0,1.121,0.89,us,11.44,7.875,0.089,36
-52.9951,22.1673,10.0,4.6,16,95.0,20.626,0.87,us,14.95,1.914,0.141,15
-55.6902,-26.2571,10.0,4.5,22,116.0,6.056,0.62,us,11.21,1.815,0.14,17
4.5768,-73.2685,10.0,4.5,12,112.0,1.082,1.0,us,8.19,1.344,0.204,7
40.9934,78.2595,10.0,4.4,42,157.0,0.752,0.93,us,5.57,1.916,0.105,26
51.0604,159.7403,10.0,4.3,36,156.0,2.078,0.78,us,9.32,1.937,0.107,25
51.2783,159.6687,10.0,4.4,21,129.0,1.857,1.32,us,10.4,1.928,0.155,12
32.2389,142.5224,10.0,4.5,24,149.0,2.446,0.55,us,8.87,1.922,0.131,17
49.8904,158.7821,10.0,4.5,134,131.0,3.138,0.58,us,9.81,1.902,0.051,123
-21.2729,-68.6471,115.328,4.1,25,62.0,0.76,0.49,us,5.62,4.527,0.157,12
8.9516,-83.1982,62.114,4.5,58,75.0,1.118,0.97,us,8.13,6.964,0.055,96
51.2399,159.3285,35.0,4.2,20,168.0,2.123,1.0,us,6.12,1.968,0.146,13
50.4576,157.2437,35.0,4.6,60,135.0,2.67,0.88,us,11.09,1.912,0.036,228
-25.0461,179.8571,510.671,4.6,30,135.0,7.457,0.8,us,13.98,10.904,0.082,44
50.0292,157.9027,10.0,4.2,41,133.0,3.034,0.49,us,10.02,1.907,0.095,31
50.6818,157.4806,79.903,4.4,19,135.0,2.434,0.49,us,10.02,7.854,0.19,8
-21.3336,170.8309,177.097,4.3,20,214.0,3.389,0.67,us,15.47,10.412,0.129,18
-43.3222,-82.3094,10.0,4.3,18,138.0,8.297,0.62,us,13.9,1.895,0.177,9
52.7932,160.9504,13.417,4.4,28,119.0,1.412,1.04,us,10.56,5.105,0.11,24
-24.1271,-179.9117,527.763,4.4,35,138.0,6.629,0.5,us,10.13,9.067,0.098,30
52.3363,159.7504,37.28,4.4,33,120.0,0.96,0.77,us,9.23,4.459,0.095,32
-31.0643,-178.4757,95.468,5.0,51,44.0,1.874,0.56,us,12.79,4.687,0.08,52
-4.2194,69.0708,10.0,4.3,19,217.0,4.623,0.47,us,13.64,1.986,0.177,9
51.5403,159.858,20.855,4.3,33,127.0,1.661,1.22,us,8.09,5.879,0.107,25
-60.2506,-61.856,10.0,5.1,64,92.0,4.653,0.97,us,8.59,1.787,0.064,79
42.752,145.9512,35.0,5.2,79,122.0,2.197,0.66,us,8.33,1.866,0.026,486
13.082,145.7357,10.0,4.6,31,85.0,0.983,0.8,us,5.34,1.906,0.116,22
-2.2171,100.373,60.533,4.5,35,176.0,3.344,0.67,us,15.13,9.651,0.096,32
29.2136,129.5771,10.0,4.9,118,85.0,2.41,0.42,us,5.69,1.864,0.054,109
51.3084,159.7239,10.0,4.4,21,169.0,1.841,0.6,us,7.78,1.964,0.127,18
52.4238,-169.5357,39.206,3.7,27,176.0,0.688,0.98,us,6.94,8.836,0.126,16
52.4906,160.6382,39.14,4.3,18,138.0,1.321,0.62,us,13.99,9.038,0.168,10
-2.9195,129.5592,10.0,4.7,91,43.0,2.657,0.57,us,3.59,1.836,0.066,69
6.9072,92.3559,10.0,4.1,46,100.0,4.86,0.62,us,9.35,1.899,0.091,37
51.9389,160.1249,35.0,4.2,16,197.0,1.412,0.62,us,10.4,2.002,0.159,11
-59.079,-25.4283,35.0,4.9,48,79.0,7.753,0.47,us,6.44,1.903,0.084,45
14.8175,147.1967,10.0,4.3,24,151.0,1.419,0.51,us,11.83,1.932,0.126,18
1.0899,122.0734,55.736,4.2,21,65.0,1.292,0.7,us,4.73,9.915,0.166,10
-32.5307,-71.4171,67.499,4.0,31,152.0,0.528,0.57,us,4.45,5.511,0.195,7
49.2119,155.0136,70.014,4.4,29,127.0,4.251,0.52,us,10.86,8.537,0.143,14
-7.2144,120.1632,561.41,4.4,30,61.0,2.224,0.82,us,14.17,10.52,0.135,16
49.5599,156.6463,36.293,4.2,13,229.0,3.614,0.84,us,14.24,9.41,0.236,6
50.1139,157.3182,60.237,4.2,34,144.0,3.008,0.6,us,11.88,7.926,0.112,22
52.2197,160.2154,46.188,4.5,41,123.0,1.248,1.2,us,10.33,6.422,0.09,36
51.8491,160.4163,19.954,4.5,43,124.0,1.598,0.9,us,9.05,4.965,0.086,40
52.5018,160.6432,10.0,4.2,49,119.0,1.319,0.71,us,9.12,1.899,0.084,40
52.3002,160.3804,10.0,4.3,29,138.0,1.279,1.14,us,8.11,1.927,0.099,29
18.0319,145.5628,278.888,4.9,157,54.0,2.784,0.61,us,8.51,6.879,0.029,368
-15.9149,-69.6124,222.783,4.7,67,104.0,1.472,0.87,us,9.5,5.559,0.029,361
50.1885,156.7396,70.95,4.2,29,144.0,2.984,0.48,us,12.76,8.826,0.11,23
7.1737,127.2136,10.0,4.7,64,55.0,1.625,0.99,us,6.53,1.858,0.069,65
51.3069,160.6524,10.0,4.4,33,130.0,2.116,0.76,us,8.91,1.914,0.117,21
42.6832,17.6545,10.0,4.4,84,33.0,1.213,0.98,us,4.27,1.884,0.076,50
51.2367,159.6402,10.0,4.6,25,124.0,1.891,0.45,us,9.11,1.925,0.192,13
14.9359,-94.1828,10.0,4.3,114,147.0,2.383,0.89,us,7.28,1.917,0.043,152
52.8862,160.8619,10.0,4.9,35,134.0,1.345,0.46,us,12.01,1.914,0.116,23
21.6891,143.5156,272.302,4.4,131,123.0,5.517,0.81,us,10.58,8.649,0.051,112
-14.145,166.8889,103.904,4.2,24,133.0,6.837,1.2,us,17.49,8.641,0.125,18
55.8662,165.0013,10.0,4.3,36,133.0,4.674,0.68,us,12.41,1.909,0.111,23
6.5568,126.4848,77.178,4.4,33,116.0,1.034,0.61,us,7.05,9.087,0.117,21
64.5247,-39.9652,10.0,4.2,50,138.0,4.201,0.62,us,7.38,1.511,0.065,66
-33.0845,179.9225,129.447,4.3,21,129.0,4.235,0.68,us,8.41,7.039,0.168,14
11.3625,139.4032,10.0,4.4,18,152.0,5.778,0.47,us,7.65,1.95,0.149,13
11.5731,141.6391,10.0,5.1,43,71.0,3.735,1.05,us,11.23,1.888,0.052,120
-11.312,165.8242,55.485,4.5,42,115.0,4.324,0.58,us,10.12,7.452,0.089,37
-31.6731,76.4956,10.0,4.8,41,92.0,21.292,0.55,us,12.83,1.874,0.095,34
-14.4624,-76.4447,10.0,4.5,50,139.0,2.49,0.76,us,9.43,1.908,0.084,41
51.0012,159.3973,10.0,4.7,43,130.0,2.077,0.84,us,10.11,1.918,0.093,35
50.3822,157.6686,35.163,4.4,47,136.0,2.715,0.72,us,11.49,7.796,0.062,75
34.5429,7.6272,10.0,4.2,38,128.0,1.841,0.82,us,9.92,1.931,0.099,31
14.0118,39.7718,10.0,4.5,64,62.0,3.883,0.72,us,9.65,1.906,0.078,48
-6.0679,150.9753,67.334,4.2,19,145.0,2.039,0.66,us,11.7,2.023,0.141,14
53.1244,161.5648,24.129,4.6,92,104.0,1.761,0.84,us,8.71,5.149,0.063,75
52.7677,160.8657,36.205,4.2,46,134.0,1.367,0.94,us,12.14,7.923,0.093,32
51.8231,160.2184,10.0,5.0,36,126.0,1.539,0.53,us,6.69,1.831,0.13,19
-31.415,-67.7291,10.0,4.5,35,41.0,0.815,1.1,us,5.35,1.9,0.121,21
3.4593,125.6907,89.265,4.2,20,129.0,1.283,0.62,us,6.91,9.889,0.166,13
52.6482,159.2248,82.022,4.6,43,169.0,0.513,0.57,us,9.77,6.084,0.075,55
51.6356,160.2222,10.0,4.5,16,137.0,1.692,0.41,us,13.84,1.944,0.15,13
47.0041,153.0548,46.818,4.6,45,135.0,7.043,1.23,us,11.41,5.91,0.051,113
54.5204,-159.8354,35.0,4.4,52,151.0,1.333,0.78,us,6.25,1.949,0.075,52
52.7224,161.0234,10.0,4.1,27,163.0,1.47,0.98,us,13.22,1.968,0.13,16
9.5346,-40.5662,10.0,4.4,24,76.0,12.758,0.48,us,10.71,1.569,0.124,19
48.9497,155.8422,35.0,4.2,27,142.0,4.326,0.43,us,6.0,1.951,0.132,16
39.4634,143.3549,10.0,4.5,56,135.0,2.199,0.61,us,3.31,1.895,0.09,36
-20.8705,-178.6275,600.489,4.1,23,203.0,4.415,0.51,us,21.78,19.505,0.131,19
-7.455,128.3425,134.732,4.3,14,107.0,5.952,0.71,us,13.07,4.298,0.187,8
51.9095,161.5172,10.0,4.3,22,227.0,2.079,0.87,us,10.05,1.936,0.161,11
-7.5424,105.3797,20.53,4.5,36,164.0,1.854,0.6,us,6.24,6.58,0.1,32
16.4242,-59.6297,10.0,4.4,36,242.0,1.383,0.57,us,7.89,1.976,0.109,24
37.5165,71.8936,158.217,4.1,23,258.0,1.959,0.58,us,11.31,12.133,0.233,5
51.8397,160.3231,36.34,4.7,39,154.0,1.567,1.02,us,9.61,7.834,0.065,71
11.2615,124.0555,10.0,4.5,55,111.0,6.638,0.51,us,13.36,1.911,0.078,48
-1.0712,119.766,45.354,4.7,62,52.0,1.543,0.76,us,4.6,7.923,0.081,46
50.6499,156.9352,68.902,4.2,17,137.0,2.507,0.57,us,11.18,6.788,0.175,9
-18.1107,-178.2408,575.904,5.1,89,31.0,2.801,0.64,us,11.51,6.395,0.025,534
12.8559,145.4504,10.0,4.6,50,102.0,0.923,0.53,us,8.61,1.896,0.082,44
-6.2884,130.3473,113.112,4.6,25,82.0,1.809,0.64,us,9.53,8.03,0.122,20
51.4833,160.0144,10.0,4.3,19,128.0,1.756,1.01,us,10.62,1.932,0.187,8
50.8792,158.7716,33.997,4.7,64,126.0,2.149,1.06,us,4.99,5.426,0.036,230
52.372,159.9301,37.852,4.2,37,122.0,1.016,1.14,us,9.57,8.159,0.087,37
-9.2676,124.3365,32.198,4.4,18,85.0,0.489,1.01,us,5.24,6.72,0.161,11
-30.7154,-71.436,45.905,4.6,36,99.0,0.176,0.79,us,4.57,3.986,0.151,13
13.4046,95.7949,10.0,4.2,21,173.0,4.006,0.33,us,12.52,1.946,0.159,11
-7.8084,106.5239,41.991,4.2,18,116.0,1.168,1.21,us,7.09,8.187,0.166,12
49.9056,158.961,10.0,4.6,72,131.0,3.128,0.6,us,8.67,1.879,0.067,67
51.6749,-176.7088,54.591,4.5,132,126.0,0.266,1.07,us,5.11,4.981,0.033,275
39.2824,71.8998,10.0,4.1,16,113.0,0.21,0.97,us,3.73,1.918,0.158,11
28.2707,64.1769,40.876,4.5,115,79.0,7.866,0.61,us,9.66,6.913,0.053,103
-25.9286,-178.7886,351.602,4.4,44,126.0,8.655,1.02,us,13.29,7.664,0.095,34
50.2202,157.2466,35.0,4.2,32,190.0,2.906,0.92,us,11.06,1.972,0.113,22
49.2129,157.8451,10.0,4.3,22,137.0,3.849,0.48,us,12.31,1.919,0.153,12
52.1947,160.4111,10.0,4.3,41,152.0,1.357,0.88,us,9.81,1.932,0.097,30
-22.3676,-65.8268,270.762,4.8,95,59.0,2.249,0.97,us,9.02,6.93,0.03,347
50.1947,159.0612,10.0,5.1,116,79.0,2.844,0.7,us,7.53,1.799,0.025,533
-59.8205,-62.1822,10.0,4.7,18,130.0,5.048,0.61,us,13.04,1.913,0.142,15
50.441,158.766,10.0,4.7,104,89.0,2.587,0.57,us,9.2,1.884,0.056,98
39.4265,21.7743,10.0,4.5,85,46.0,0.595,0.69,us,3.87,1.881,0.068,64
15.0143,120.4564,10.0,4.4,40,104.0,14.896,0.89,us,9.46,1.893,0.097,31
-27.8687,-71.0579,55.218,4.4,22,138.0,0.335,0.7,us,5.37,6.023,0.219,6
-17.1353,-178.6975,532.874,4.2,38,174.0,1.963,1.29,us,16.68,9.994,0.1,28
-18.7103,-69.2268,127.514,4.0,50,78.0,0.459,1.1,us,5.61,5.87,0.084,40
-18.0508,-178.2073,623.734,4.2,29,122.0,2.794,0.67,us,14.75,13.397,0.1,29
50.8644,156.5251,138.441,4.0,20,165.0,2.361,1.08,us,8.45,9.919,0.156,11
30.9563,99.0742,10.0,4.4,57,81.0,6.981,0.36,us,5.85,1.871,0.084,41
53.1568,161.0584,10.0,4.2,20,117.0,1.459,1.16,us,8.92,1.746,0.118,20
51.9896,-178.5877,168.359,3.8,63,103.0,0.209,0.59,us,6.41,4.634,0.074,48
16.5883,41.0434,10.0,4.3,48,125.0,3.8,1.24,us,13.07,1.947,0.078,46
19.037,145.8981,149.951,4.0,21,109.0,3.777,1.15,us,15.36,8.749,0.143,13
-5.8971,149.5868,134.441,4.1,31,79.0,2.898,0.78,us,7.13,8.194,0.114,21
7.5868,-36.6151,10.0,4.4,12,117.0,13.344,0.54,us,15.3,1.951,0.179,9
9.3263,93.9061,10.0,4.9,47,149.0,5.066,0.37,us,11.52,1.912,0.092,37
-5.5097,147.1309,207.269,4.3,20,153.0,3.451,0.73,us,14.03,8.068,0.16,13
22.7652,95.9256,10.0,4.3,44,79.0,1.813,0.68,us,7.52,1.899,0.096,31
51.7916,159.2703,66.976,4.6,18,125.0,1.291,0.67,us,10.56,8.163,0.146,14
-9.3275,159.6151,48.813,4.5,32,120.0,0.346,0.62,us,13.14,6.388,0.102,28
51.4212,161.2622,10.0,4.2,18,130.0,2.271,1.05,us,9.7,1.932,0.128,17
2.3985,128.2662,205.772,4.3,12,146.0,1.849,0.63,us,9.17,11.79,0.217,6
60.5231,-140.0265,7.439,4.6,67,56.0,0.443,0.85,us,3.61,4.774,0.11,26
50.4624,-173.5231,10.0,3.9,45,199.0,1.792,0.86,us,7.18,1.958,0.066,61
60.3945,-139.5724,10.0,4.1,41,84.0,0.453,0.9,us,4.46,1.319,0.261,4
-7.0257,125.0168,549.578,4.3,20,95.0,2.811,1.2,us,12.09,9.606,0.188,10
-21.1033,-176.7044,253.53,4.8,37,215.0,5.915,0.59,us,12.11,10.826,0.075,55
36.8737,75.5702,10.0,4.4,26,122.0,2.84,1.28,us,6.95,1.75,0.143,14
-23.5226,-179.7744,558.917,4.7,103,74.0,5.934,0.75,us,12.51,5.869,0.038,210
36.7861,25.7763,10.0,4.0,30,97.0,1.669,0.64,us,5.05,1.91,0.13,16
39.3435,73.5168,10.0,4.1,20,112.0,1.167,0.68,us,3.13,1.864,0.261,4
-46.2484,-75.5636,10.0,4.5,29,141.0,1.809,0.89,us,6.87,1.913,0.118,21
25.5525,126.5824,25.156,4.4,26,106.0,1.985,0.86,us,8.84,6.742,0.138,15
17.6794,122.9543,10.0,4.5,43,129.0,5.406,0.52,us,11.21,1.914,0.108,25
49.9806,159.4416,10.0,4.6,65,135.0,3.087,0.58,us,9.74,1.913,0.072,57
-6.1939,147.8366,49.905,4.3,25,118.0,3.26,0.62,us,9.15,8.591,0.119,20
52.6641,160.7552,10.0,5.6,106,120.0,1.327,0.89,us,9.06,1.872,0.059,102
-24.0586,-111.5597,10.0,4.4,24,84.0,3.656,1.1,us,14.44,1.544,0.143,16
-17.9551,-177.8607,629.043,4.7,58,80.0,3.027,0.65,us,12.83,9.057,0.054,102
9.1689,126.7853,9.868,4.7,21,101.0,2.403,0.88,us,10.75,4.713,0.147,14
51.6484,159.695,35.0,4.3,25,142.0,1.519,1.14,us,11.85,1.963,0.116,21
14.3234,-92.6674,35.0,4.6,81,139.0,0.893,0.72,us,6.14,1.943,0.038,205
-17.9249,-178.2088,539.334,4.4,40,181.0,2.725,0.79,us,18.65,9.332,0.095,32
51.135,159.0378,35.0,4.8,30,129.0,1.906,0.94,us,10.63,1.942,0.093,36
52.2616,160.5939,27.805,4.5,67,110.0,1.409,0.58,us,10.49,5.546,0.056,93
2.1406,-95.5696,10.0,4.1,13,207.0,5.272,1.12,us,13.43,1.991,0.198,7
54.2088,-159.9883,10.0,3.8,46,162.0,0.665,0.98,us,4.07,1.895,0.114,20
-20.3625,-177.6239,469.676,4.7,51,53.0,7.362,0.83,us,13.12,7.53,0.08,48
-45.2025,-81.6384,10.0,4.4,14,146.0,7.247,0.82,us,14.96,1.464,0.17,10
6.885,-73.1159,147.324,4.5,38,127.0,0.987,0.66,us,8.4,9.579,0.09,36
52.3665,160.578,35.0,4.3,15,136.0,1.902,0.54,us,9.92,1.933,0.187,8
50.1735,88.1714,10.0,4.2,20,135.0,3.483,0.68,us,9.24,1.935,0.141,14
50.15,158.3772,10.0,4.2,15,165.0,2.883,0.71,us,10.73,1.962,0.199,9
28.7236,67.1787,10.0,4.3,34,137.0,10.043,0.83,us,7.41,1.914,0.106,25
-3.0414,135.9861,63.734,4.2,18,104.0,1.495,0.65,us,8.36,10.527,0.142,14
19.0029,39.1078,10.0,4.5,61,85.0,6.713,0.92,us,10.05,1.913,0.074,53
-14.7934,167.8871,10.0,4.8,85,130.0,0.927,0.99,us,7.16,1.835,0.065,74
52.6348,159.1796,62.543,4.7,173,118.0,0.505,0.72,us,6.67,5.824,0.037,223
-7.0521,155.195,10.0,5.1,78,49.0,4.145,0.52,us,8.56,1.793,0.063,82
70.828,-6.5745,10.0,4.1,23,108.0,0.655,0.56,us,7.04,1.94,0.14,14
34.5841,93.1476,10.0,4.1,27,127.0,5.159,0.57,us,12.17,1.953,0.131,17
-6.3936,130.1817,115.7,4.8,48,94.0,4.02,0.44,us,11.44,7.46,0.066,71
51.2616,159.3019,10.0,4.3,40,134.0,1.81,0.63,us,11.05,1.922,0.104,26
17.3779,145.4727,323.484,4.1,25,121.0,2.147,0.65,us,8.31,10.703,0.12,19
-61.8937,-64.6163,10.0,5.2,87,68.0,2.903,0.71,us,11.23,1.75,0.063,83
19.0612,121.2893,43.638,4.1,26,144.0,3.743,0.85,us,13.43,9.038,0.14,14
51.3118,159.4683,28.881,4.3,22,121.0,2.103,0.72,us,10.81,5.881,0.126,18
50.9898,158.4075,35.0,4.9,137,98.0,2.042,0.65,us,8.14,1.886,0.048,136
9.9265,-70.8178,10.0,4.6,42,74.0,1.051,1.08,us,7.11,1.828,0.089,37
-6.7174,102.0604,10.0,4.2,31,77.0,2.505,0.54,us,6.5,1.901,0.121,19
51.3528,157.5778,69.897,4.5,30,126.0,1.76,1.15,us,12.0,8.292,0.113,23
3.444,126.4908,75.033,4.4,23,109.0,1.63,0.72,us,8.09,4.402,0.143,14
13.8349,-92.9186,10.0,4.1,62,162.0,1.505,0.85,us,6.54,1.958,0.08,43
-29.6146,-176.6915,10.0,4.6,12,133.0,8.955,0.85,us,13.4,1.902,0.193,8
-6.3392,152.0385,10.0,4.4,28,112.0,2.138,0.49,us,7.87,1.897,0.126,18
52.7024,160.2014,25.076,4.8,132,119.0,0.994,0.49,us,9.87,5.367,0.036,239
51.453,159.6794,10.0,4.4,25,127.0,1.695,0.91,us,9.04,1.908,0.139,15
-36.2734,-101.3359,10.0,4.4,11,152.0,35.556,0.39,us,20.19,1.935,0.18,9
9.2405,93.7565,10.0,4.3,21,213.0,5.811,0.56,us,9.36,1.93,0.154,12
42.6048,141.9887,123.578,4.5,142,69.0,1.048,0.49,us,6.38,5.656,0.051,111
51.2231,158.3175,35.0,4.9,69,124.0,1.815,0.98,us,8.18,1.91,0.045,153
9.2857,94.2457,10.0,4.3,23,137.0,5.336,0.74,us,8.1,1.87,0.142,14
9.3798,93.9613,10.0,4.6,21,81.0,5.626,0.74,us,12.16,1.9,0.151,13
19.1428,99.1609,10.0,4.2,15,101.0,0.712,0.59,us,4.33,1.609,0.2,7
9.2343,93.9758,10.0,4.3,17,187.0,5.595,0.23,us,12.44,1.949,0.168,10
9.7118,93.6542,10.0,4.4,46,121.0,5.522,0.42,us,8.8,1.911,0.102,28
-10.1113,160.6988,35.0,4.7,63,103.0,0.998,0.72,us,8.38,1.905,0.078,50
37.4873,142.0501,45.246,4.4,34,149.0,3.216,1.1,us,4.76,9.275,0.117,21
-58.9539,-25.7335,96.92,4.9,84,67.0,7.552,0.59,us,10.77,5.595,0.064,79
18.8319,146.0976,116.375,4.2,28,99.0,3.583,0.46,us,12.25,7.263,0.11,23
53.1767,159.5028,73.319,4.6,101,107.0,0.537,0.58,us,10.14,6.443,0.047,137
52.2394,160.4024,10.0,5.1,67,122.0,1.326,0.83,us,8.09,1.795,0.044,170
-48.1337,117.5056,10.0,4.3,20,89.0,15.191,1.18,us,12.74,1.915,0.125,18
-31.0622,-178.6733,117.329,4.6,31,129.0,1.922,0.81,us,13.93,8.706,0.102,29
51.4261,159.6962,10.0,5.0,66,121.0,1.724,0.88,us,8.22,1.869,0.049,135
51.4867,159.6201,25.756,4.4,29,128.0,1.651,0.99,us,9.68,6.136,0.117,21
28.0958,103.5573,10.0,4.3,24,162.0,7.838,0.59,us,12.88,1.942,0.137,15
-6.3941,130.8422,60.712,4.3,15,119.0,2.081,0.75,us,6.61,11.434,0.2,7
-23.558,179.9433,535.308,4.5,56,57.0,6.048,0.46,us,5.67,7.629,0.082,44
-0.8814,132.2985,39.418,4.0,23,57.0,1.039,1.0,us,6.01,7.93,0.13,18
23.762,121.5524,10.0,4.8,41,72.0,0.412,1.04,us,1.22,1.883,0.095,35
-3.7735,139.3546,54.602,4.6,57,48.0,0.515,0.85,us,5.54,6.778,0.071,59
27.9608,142.7311,10.0,4.4,31,156.0,0.989,0.61,us,7.2,1.52,0.131,17
12.8114,-89.2547,35.0,4.4,35,186.0,0.948,1.11,us,6.17,1.98,0.1,29
-33.7203,-178.7744,10.0,4.7,28,87.0,4.51,1.04,us,7.73,1.897,0.11,25
-1.8147,137.3545,27.436,4.5,25,69.0,0.838,0.49,us,5.26,5.36,0.11,24
51.8593,159.121,35.0,5.9,87,66.0,1.201,0.57,us,9.04,1.848,0.075,65
-15.0755,-173.558,10.0,5.1,37,101.0,2.074,0.82,us,12.0,1.488,0.041,188
-20.4801,-178.1178,550.145,4.4,52,122.0,4.529,0.51,us,15.34,7.689,0.085,40
3.5107,126.9742,42.802,4.3,18,130.0,1.923,1.14,us,13.85,8.098,0.133,16
38.2378,22.0706,10.0,4.4,30,115.0,0.809,0.41,us,3.65,1.885,0.154,12
43.5316,147.9119,10.0,4.9,102,135.0,3.814,0.82,us,9.86,1.873,0.059,90
52.8644,160.3704,35.0,4.3,15,138.0,1.053,0.78,us,8.09,1.894,0.153,12
-5.9341,147.6485,92.875,4.6,63,47.0,3.482,0.74,us,7.6,7.686,0.066,69
35.0114,141.3563,41.956,4.1,16,155.0,2.284,0.97,us,10.73,2.745,0.213,6
52.1894,160.2939,30.891,4.5,46,123.0,1.829,1.25,us,9.28,5.796,0.09,48
-27.9657,-176.571,43.29,4.7,39,135.0,1.746,0.73,us,14.42,6.138,0.123,20
-5.3111,152.3367,43.703,4.5,54,93.0,1.045,0.92,us,7.17,7.5,0.084,45
-7.8828,115.5396,215.017,4.4,28,88.0,1.492,0.99,us,9.69,8.164,0.118,21
-18.1414,-175.1362,182.375,4.5,41,47.0,5.026,0.41,us,11.64,7.824,0.074,60
52.0443,159.5168,70.899,4.2,13,244.0,1.114,0.4,us,11.99,9.324,0.235,7
3.391,-31.5063,10.0,4.5,17,94.0,20.581,1.2,us,12.08,1.887,0.15,13
51.1201,157.8945,68.211,4.9,200,115.0,1.962,0.6,us,5.72,6.27,0.032,301
52.2664,160.2345,35.0,4.7,36,140.0,1.228,1.37,us,11.06,1.939,0.093,35
51.9743,159.0236,64.883,4.4,12,213.0,1.075,0.62,us,11.7,7.515,0.179,9
-23.2611,-179.8775,556.261,4.4,44,136.0,5.821,0.5,us,14.35,10.439,0.091,35
20.0468,145.7856,89.676,4.5,68,81.0,4.78,0.68,us,3.86,8.032,0.071,59
29.3306,129.4734,10.0,4.4,29,110.0,2.33,1.05,us,7.51,1.936,0.162,11
1.3956,126.3696,61.264,4.1,19,130.0,1.174,1.3,us,6.56,9.124,0.185,9
51.3867,159.5006,10.0,4.5,40,128.0,1.721,0.61,us,5.37,1.882,0.094,33
52.6734,160.4363,10.0,4.0,30,151.0,1.139,0.42,us,10.88,1.951,0.113,21
12.4243,123.6545,10.0,4.4,22,123.0,7.852,0.72,us,7.79,1.9,0.115,22
29.3051,129.4331,10.0,4.9,70,33.0,2.367,1.05,us,5.14,1.866,0.045,158
52.9578,161.2303,10.0,4.4,71,117.0,1.561,0.8,us,6.25,1.861,0.073,59
-17.4331,167.6873,10.0,4.9,34,152.0,4.469,0.58,us,11.9,1.92,0.104,29
49.1581,156.213,26.728,4.8,164,50.0,4.065,0.56,us,7.69,4.226,0.043,169
52.1567,161.4508,10.0,4.3,50,134.0,1.916,0.47,us,5.41,1.908,0.076,50
-4.7319,102.6005,62.855,4.7,46,160.0,0.511,0.96,us,7.65,5.6,0.096,33
52.9041,-175.0997,227.621,4.0,37,67.0,0.743,0.63,us,11.5,7.533,0.077,45
54.8415,160.1378,10.0,4.1,28,135.0,2.023,0.42,us,6.55,1.927,0.085,38
49.9151,155.9576,64.163,4.3,29,135.0,3.378,0.73,us,10.94,8.37,0.113,22
49.9065,156.4773,41.836,4.3,36,135.0,3.296,0.93,us,9.83,7.562,0.113,22
51.4327,158.2852,35.0,5.4,28,122.0,1.609,0.93,us,8.46,1.93,0.162,13
21.8711,119.6383,10.0,4.6,42,99.0,1.633,0.65,us,6.75,1.89,0.092,35
-17.3385,-178.7291,560.43,4.2,33,75.0,2.011,0.88,us,15.81,11.855,0.104,26
12.977,-88.8024,66.155,4.2,45,165.0,0.676,0.86,us,10.35,9.522,0.089,35
49.5245,155.7098,87.713,4.8,79,124.0,3.8,0.47,us,9.29,7.221,0.031,320
52.5582,160.0126,35.0,4.0,11,153.0,0.95,1.12,us,8.35,1.985,0.211,6
-27.6633,-177.8685,192.961,4.5,20,154.0,10.563,0.81,us,10.25,11.697,0.136,16
-43.0653,-82.4902,10.0,4.6,27,152.0,7.513,1.33,us,8.08,1.88,0.107,26
7.0273,-46.2267,10.0,4.9,101,113.0,6.66,0.7,us,10.86,1.855,0.054,109
51.4367,159.4866,31.169,4.5,49,137.0,1.67,0.87,us,9.05,4.591,0.083,43
-24.3467,-179.8166,509.324,4.2,31,114.0,6.863,1.04,us,15.95,11.829,0.098,31
51.2523,159.2584,10.0,4.8,83,122.0,1.813,1.01,us,8.64,1.875,0.036,232
53.8437,160.997,37.762,4.7,157,100.0,1.627,0.71,us,8.74,6.559,0.045,150
52.81,161.0671,26.364,4.6,26,120.0,1.479,0.89,us,7.93,4.801,0.132,17
-18.2373,-175.2488,236.646,4.4,32,79.0,5.113,1.1,us,11.01,8.64,0.098,30
-14.7622,-72.3745,93.382,4.2,33,124.0,4.083,1.08,us,7.36,13.612,0.122,19
52.4822,160.2399,49.312,4.7,14,153.0,1.665,0.82,us,12.59,8.143,0.183,9
37.6191,72.4796,194.655,4.3,42,91.0,0.693,0.44,us,7.76,7.666,0.142,14
-17.3053,-174.4254,155.524,4.5,57,88.0,4.23,0.71,us,8.86,7.339,0.072,56
51.276,159.0858,35.0,4.0,15,249.0,1.771,0.78,us,13.81,2.007,0.183,8
51.2935,160.7032,10.0,4.2,51,130.0,2.145,0.52,us,8.95,1.901,0.088,36
41.7769,88.5098,10.0,4.5,36,129.0,6.25,0.67,us,10.89,1.931,0.121,20
53.1393,-166.0308,35.0,3.7,29,199.0,0.762,0.27,us,2.94,1.958,0.135,14
51.5178,160.2287,10.0,4.9,16,220.0,2.225,0.79,us,11.74,1.994,0.128,19
-5.3847,151.6376,113.89,4.1,27,152.0,1.296,0.73,us,11.92,4.025,0.107,24
-12.137,67.5774,10.0,4.2,18,230.0,6.717,0.28,us,11.0,1.875,0.152,13
-27.8088,-66.3085,143.072,4.7,51,46.0,3.619,0.72,us,7.8,6.782,0.043,162
36.2224,-34.0872,10.0,4.8,67,87.0,7.023,0.76,us,9.6,1.824,0.075,55
-24.32,-67.3769,176.819,4.6,15,182.0,1.548,0.81,us,13.19,11.728,0.151,13
37.6711,144.2268,10.0,4.3,24,144.0,3.965,0.93,us,12.26,1.94,0.142,14
32.7003,140.906,64.038,4.4,24,203.0,1.008,0.52,us,11.3,8.243,0.144,15
53.0393,161.2426,10.0,4.1,33,127.0,1.566,0.97,us,8.23,1.898,0.114,22
52.0231,160.4865,10.0,4.4,21,179.0,1.504,1.02,us,11.51,1.957,0.162,11
-8.0884,148.55,44.315,4.9,69,123.0,1.897,0.87,us,7.89,5.964,0.06,88
52.8133,160.6528,35.0,4.2,44,81.0,1.231,0.63,us,10.64,1.866,0.078,46
51.2693,159.268,34.426,4.4,30,167.0,1.798,0.83,us,7.56,6.755,0.11,24
33.6298,140.5591,57.142,4.5,62,114.0,0.808,0.74,us,7.34,5.828,0.081,45
52.766,161.2899,10.0,4.0,13,195.0,1.62,1.18,us,12.55,2.001,0.212,6
-37.99,78.3647,10.0,4.3,27,150.0,40.316,0.75,us,11.43,1.926,0.114,22
52.0033,160.6563,10.0,4.1,23,125.0,1.596,1.16,us,5.49,1.88,0.119,19
51.0169,158.3088,35.0,5.6,158,76.0,2.021,0.78,us,8.94,1.885,0.029,420
-7.5618,-79.9607,53.72,4.5,60,122.0,5.11,0.44,us,10.66,9.006,0.069,63
29.4748,141.4531,78.012,4.5,50,116.0,2.456,0.4,us,10.31,8.074,0.087,39
2.2622,-84.5284,10.0,4.3,19,162.0,5.76,0.59,us,13.08,1.949,0.119,20
52.1572,160.3489,25.964,4.5,52,134.0,1.352,0.89,us,11.46,6.1,0.088,38
-26.3068,71.787,10.0,4.5,33,64.0,41.153,0.49,us,14.13,1.883,0.113,23
52.328,160.4462,10.0,4.5,36,139.0,1.297,0.73,us,11.72,1.926,0.096,32
29.1109,87.0043,10.0,4.1,36,168.0,3.646,1.26,us,10.55,1.93,0.103,26
48.5464,157.2603,10.0,4.8,93,122.0,4.568,0.71,us,11.67,1.864,0.046,144
52.474,160.6684,26.903,4.3,15,121.0,1.344,0.51,us,9.65,6.399,0.177,9
51.6531,159.3432,35.0,5.1,57,126.0,1.437,0.91,us,8.87,1.91,0.081,50
27.6641,139.8924,484.318,4.3,81,82.0,2.115,0.64,us,8.42,8.653,0.038,204
-19.9149,-178.0796,414.689,4.0,27,122.0,4.191,0.55,us,16.84,8.406,0.116,21
44.3318,147.9332,94.8,4.4,21,122.0,3.844,0.88,us,10.29,6.939,0.149,15
51.6469,159.8703,10.0,4.4,73,126.0,1.569,0.7,us,7.83,1.884,0.071,63
52.3278,161.2628,10.0,4.2,24,220.0,1.737,0.88,us,14.88,1.99,0.159,11
-6.5676,148.9066,66.477,4.3,19,134.0,3.307,0.76,us,10.68,8.623,0.147,13
2.8162,-101.4942,10.0,4.4,37,154.0,11.01,0.7,us,11.29,1.923,0.096,31
49.8192,158.423,10.0,4.5,32,135.0,3.212,0.61,us,11.14,1.913,0.11,25
51.7826,-173.525,14.738,3.8,37,141.0,0.591,1.06,us,5.06,5.912,0.127,16
36.4749,70.3066,196.984,4.3,33,96.0,2.177,0.6,us,7.8,6.646,0.129,17
-5.9241,145.6205,106.473,5.1,112,46.0,3.779,0.75,us,7.65,7.098,0.057,99
-57.5812,157.5031,30.874,4.3,14,141.0,3.194,0.79,us,10.76,7.86,0.161,11
53.2472,159.8401,68.333,4.6,119,96.0,0.751,0.51,us,10.26,6.918,0.046,139
18.2307,-102.2938,56.13,4.2,64,203.0,1.733,1.23,us,8.25,9.022,0.039,184
-14.9077,-177.5607,377.943,4.6,118,59.0,3.342,0.86,us,10.47,6.273,0.034,259
51.2027,158.4178,35.0,4.3,15,135.0,1.829,0.69,us,10.77,1.949,0.202,7
52.9373,160.7052,47.898,5.7,88,147.0,1.246,0.77,us,9.41,6.148,0.05,144
7.065,-34.181,10.0,4.7,70,62.0,12.921,0.61,us,11.29,1.875,0.051,118
39.34,143.6528,10.0,4.5,54,135.0,2.458,0.66,us,8.89,1.89,0.09,36
14.6323,-93.4552,41.496,4.2,31,174.0,2.075,0.97,us,7.82,14.315,0.186,8
51.7672,159.3162,69.789,4.3,26,138.0,1.669,0.96,us,12.4,7.842,0.129,17
34.624,70.7561,10.0,4.7,75,87.0,1.342,0.53,us,8.45,2.536,0.064,75
51.9508,159.3584,47.65,4.4,24,124.0,1.158,0.32,us,8.15,7.995,0.123,19
22.9169,94.4797,100.305,4.6,79,58.0,4.839,0.82,us,9.23,6.922,0.071,59
41.0209,138.6895,242.609,4.0,37,88.0,1.815,0.65,us,9.17,10.309,0.125,17
26.5336,96.7158,109.239,4.3,65,130.0,5.858,0.53,us,12.37,8.844,0.075,51
51.1744,159.7163,20.71,4.3,17,125.0,1.965,0.93,us,9.73,5.765,0.201,7
-22.3438,171.5008,126.548,4.6,27,114.0,3.759,0.68,us,10.1,8.509,0.125,20
-2.5818,101.9963,136.268,4.3,37,131.0,2.01,1.12,us,8.23,6.246,0.111,23
53.6214,160.1364,62.434,4.5,122,111.0,1.074,0.61,us,9.53,6.568,0.052,109
27.9572,105.0687,10.0,4.4,36,154.0,8.06,0.57,us,6.88,1.919,0.098,30
-18.5347,-177.8323,618.605,4.2,54,109.0,3.363,0.65,us,13.01,4.73,0.044,143
-31.1835,-179.285,183.317,4.3,15,200.0,6.667,0.75,us,10.41,10.026,0.168,10
51.4621,159.733,10.0,4.7,47,127.0,1.7,1.28,us,9.34,1.887,0.072,59
-22.2962,171.4179,76.922,4.2,19,190.0,3.687,0.68,us,13.96,9.807,0.137,15
-7.0774,155.8402,89.869,4.9,64,96.0,4.648,0.87,us,8.66,6.244,0.052,114
51.4382,159.1874,42.229,4.4,35,138.0,1.622,0.55,us,10.83,7.692,0.117,21
53.2269,160.3241,63.623,4.5,63,157.0,1.029,0.97,us,11.03,7.011,0.071,62
50.9809,158.1246,35.0,4.3,37,122.0,2.071,0.81,us,10.77,1.942,0.096,31
-55.4329,-27.5119,10.0,4.4,14,125.0,5.312,0.45,us,14.33,1.846,0.189,8
50.2371,158.41,10.0,4.4,34,216.0,2.794,0.82,us,10.03,1.97,0.105,26
-23.6893,179.9095,514.058,4.5,55,103.0,5.862,0.74,us,15.1,9.726,0.037,216
49.8334,155.8118,64.365,4.7,77,132.0,3.485,0.59,us,3.9,6.798,0.035,251
55.175,-163.2969,189.104,3.8,46,133.0,0.827,0.74,us,5.42,7.825,0.161,10
-9.6347,113.7339,52.334,4.6,51,64.0,1.229,0.98,us,7.33,7.256,0.086,40
50.6307,159.9132,10.0,4.0,17,138.0,2.521,0.23,us,8.7,1.845,0.184,8
5.6799,125.8014,145.957,4.4,76,106.0,0.994,0.86,us,5.75,4.968,0.065,69
-44.9441,167.4099,105.786,4.3,21,90.0,0.457,0.51,us,5.27,5.314,0.188,8
-25.4227,-177.1364,122.376,4.9,118,74.0,3.872,0.71,us,10.15,6.362,0.034,270
52.9267,-168.3886,55.764,4.0,40,170.0,0.286,0.88,us,6.38,6.231,0.102,26
52.2098,161.1151,10.0,4.5,28,162.0,1.71,0.89,us,10.96,1.954,0.104,29
49.6174,155.5281,50.359,4.6,95,170.0,3.751,1.21,us,10.88,8.32,0.051,117
34.7105,70.6829,10.0,4.3,43,123.0,1.292,0.75,us,7.77,1.909,0.09,35
51.6296,159.8964,35.211,4.2,20,152.0,1.592,0.73,us,10.52,8.099,0.166,13
-5.7303,-75.1936,117.465,4.2,33,113.0,3.171,0.78,us,9.68,10.736,0.118,20
-19.4447,168.5539,10.0,4.9,31,115.0,3.318,0.81,us,9.06,1.895,0.116,23
34.6057,70.763,10.0,5.2,168,39.0,1.347,0.88,us,7.59,1.763,0.032,315
50.4604,157.8554,30.288,4.8,38,131.0,2.614,1.04,us,11.44,6.421,0.097,33
50.2468,158.3374,10.0,4.4,26,133.0,2.787,0.71,us,6.38,1.927,0.12,20
51.7131,160.0574,40.182,4.2,26,137.0,1.571,0.68,us,10.04,7.671,0.132,16
-18.3541,-71.4343,56.74,4.3,23,157.0,1.038,0.69,us,8.6,8.931,0.132,16
39.195,73.5311,10.0,4.1,24,106.0,1.026,1.22,us,4.34,1.922,0.26,4
51.2483,159.3828,10.0,4.1,22,142.0,1.834,1.05,us,11.88,1.944,0.127,17
-8.7344,147.8776,30.385,4.4,19,157.0,0.973,1.26,us,9.78,5.382,0.148,14
50.9353,158.3634,39.451,4.7,31,137.0,2.099,0.73,us,12.17,7.384,0.104,28
-5.0562,151.1592,141.886,4.2,34,93.0,1.14,0.72,us,11.26,3.116,0.1,28
52.1431,160.1341,10.0,4.2,24,172.0,1.264,1.15,us,7.86,1.934,0.128,23
54.5127,-159.8963,37.645,3.6,22,204.0,0.365,0.46,us,6.95,11.996,0.224,5
41.8774,87.9952,10.0,4.5,50,112.0,6.012,1.01,us,11.25,1.909,0.095,32
-22.0863,-68.9743,102.907,4.3,15,144.0,0.381,0.56,us,5.41,4.764,0.216,6
52.578,160.2078,35.0,4.5,23,149.0,1.046,0.69,us,7.91,1.878,0.157,12
52.2749,159.5159,69.945,4.4,25,179.0,0.917,0.53,us,12.67,9.197,0.103,27
70.8709,-6.8151,10.0,4.2,37,74.0,0.568,0.86,us,4.02,1.826,0.096,30
13.7959,56.963,10.0,4.3,30,103.0,11.114,0.47,us,14.02,1.948,0.109,24
-5.3512,153.1661,35.425,4.4,31,121.0,1.539,0.95,us,10.98,7.135,0.117,21
51.5097,159.6275,27.756,4.6,33,127.0,1.631,0.61,us,9.58,5.801,0.107,26
50.0183,157.3638,10.0,4.4,44,164.0,3.101,0.68,us,7.08,1.867,0.097,31
52.9092,159.3582,73.93,4.7,157,133.0,0.443,0.59,us,9.75,6.422,0.047,137
-31.6817,-69.3335,121.016,4.7,52,41.0,0.582,0.81,us,5.1,5.376,0.047,137
52.2875,158.0763,47.365,4.2,45,121.0,0.816,0.49,us,10.26,6.488,0.085,39
-5.0924,102.4116,34.179,4.6,28,148.0,0.907,0.57,us,6.8,6.053,0.132,17
7.5369,126.8287,60.744,4.2,33,62.0,1.324,1.26,us,8.62,8.694,0.136,19
-12.5965,-14.8284,10.0,4.5,20,105.0,4.657,0.65,us,7.86,1.914,0.135,16
38.1856,20.3753,54.417,4.2,38,116.0,1.588,1.2,us,5.37,11.06,0.176,9
16.501,-59.5122,10.0,4.9,76,61.0,1.503,0.73,us,8.24,1.867,0.032,309
52.4404,160.8249,10.0,4.3,32,122.0,2.013,0.48,us,10.54,1.906,0.109,24
7.2329,127.01,10.829,4.2,33,63.0,1.429,0.76,us,7.92,4.863,0.11,23
35.9999,140.0476,82.345,4.2,27,148.0,1.581,0.94,us,7.88,8.8,0.137,15
37.0475,75.4095,10.0,4.7,144,45.0,2.642,0.63,us,7.18,1.808,0.049,129
51.6685,160.0534,10.0,4.5,18,161.0,1.607,0.78,us,10.1,1.96,0.144,14
51.0492,-178.8602,33.167,4.3,179,139.0,0.506,0.72,us,4.2,2.884,0.038,193
54.5973,-159.8086,43.905,5.4,62,122.0,0.266,0.79,us,6.08,5.084,0.087,45
14.7633,-92.4118,66.774,4.4,35,135.0,0.852,0.5,us,5.62,7.714,0.138,15
51.269,159.6804,10.0,4.4,16,221.0,1.868,0.51,us,6.95,1.969,0.179,9
51.0974,-179.4144,37.326,3.8,57,218.0,0.592,0.63,us,4.73,4.068,0.154,11
16.5418,-59.5537,10.0,4.2,29,189.0,1.46,0.55,us,4.49,1.968,0.237,5
51.8554,160.3445,10.0,5.2,92,88.0,1.563,0.77,us,8.42,1.876,0.035,265
50.8443,157.1652,72.792,4.4,39,136.0,2.291,0.47,us,12.13,7.924,0.098,30
36.5109,-2.8188,10.0,4.3,35,123.0,3.285,0.63,us,6.27,1.848,0.111,23
-21.4699,-176.2922,110.0,4.7,39,110.0,6.431,0.96,us,13.48,7.821,0.073,56
-15.7324,-75.1923,19.376,5.1,49,143.0,4.053,0.77,us,9.94,4.923,0.047,148
54.4532,161.4173,45.267,4.0,30,132.0,2.18,0.61,us,9.04,10.006,0.119,20
-24.1555,-66.7645,192.182,4.2,19,92.0,2.759,0.9,us,11.33,11.981,0.152,12
39.6429,143.5386,10.0,4.3,17,150.0,2.214,0.59,us,8.72,1.948,0.188,8
51.4177,159.5689,39.035,5.2,184,110.0,1.705,0.55,us,7.22,5.598,0.027,441
51.2306,159.7408,10.0,4.4,20,253.0,1.917,1.15,us,14.8,1.999,0.134,16
49.897,157.3324,35.0,4.4,44,129.0,3.224,0.64,us,8.89,1.913,0.1,29
-59.5911,-26.2155,58.179,4.6,19,115.0,15.322,0.76,us,14.76,9.474,0.125,19
51.0955,157.9959,55.324,5.1,208,99.0,1.973,0.56,us,8.89,5.084,0.043,173
-21.4276,-68.6174,126.387,4.2,22,73.0,0.687,0.81,us,5.27,6.198,0.14,14
53.2219,160.4758,38.316,4.4,22,138.0,1.118,0.45,us,7.41,9.024,0.118,21
-18.0998,-178.5097,593.531,4.1,67,115.0,2.589,0.88,us,14.76,7.389,0.076,51
51.1378,159.3287,27.863,4.0,9,222.0,1.934,0.53,us,9.34,10.103,0.258,5
-26.5494,-176.1108,10.0,4.3,15,141.0,9.37,0.72,us,14.55,1.927,0.161,12
52.4255,163.6086,10.0,4.5,67,135.0,3.074,0.53,us,11.43,1.917,0.057,89
-4.4179,144.4685,174.214,4.7,62,54.0,3.733,0.79,us,8.28,6.395,0.051,116
-30.5376,-179.1076,235.117,4.5,45,81.0,1.645,1.34,us,13.89,7.691,0.083,43
52.4694,160.352,24.799,4.5,29,150.0,1.174,0.85,us,8.57,6.529,0.127,18
2.5161,126.9979,57.908,4.2,17,136.0,1.771,0.39,us,6.97,8.866,0.16,11
7.0685,127.232,10.0,4.0,13,199.0,1.64,0.82,us,9.65,1.978,0.212,6
51.2006,159.1127,35.228,4.4,18,137.0,1.848,0.76,us,8.79,7.966,0.161,11
-5.3708,133.6391,10.0,4.5,24,66.0,2.739,1.03,us,7.41,1.932,0.139,15
-6.3636,150.4086,10.0,4.3,17,118.0,2.602,0.41,us,9.12,1.632,0.154,12
51.4913,160.044,10.0,4.0,30,137.0,1.757,0.65,us,7.4,1.872,0.119,19
52.9672,161.0749,32.558,4.0,21,186.0,1.467,0.67,us,15.4,4.508,0.15,12
-6.6768,129.8122,164.936,4.2,35,86.0,4.453,0.63,us,9.7,8.422,0.11,23
1.6654,127.3281,139.451,4.6,67,79.0,0.888,0.64,us,7.19,6.272,0.065,71
20.2387,96.2024,10.0,4.5,38,151.0,1.541,0.84,us,3.46,1.868,0.106,26
-30.3971,-176.88,10.0,4.4,23,180.0,1.466,0.58,us,7.36,1.725,0.127,18
19.2995,-109.1759,10.0,4.1,40,221.0,7.072,0.5,us,13.71,1.996,0.064,67
49.9757,159.476,10.0,4.3,27,137.0,3.095,0.63,us,6.87,1.838,0.119,20
-22.6175,-174.8829,10.0,5.1,71,96.0,8.163,0.49,us,11.77,1.827,0.059,95
14.0639,-89.9381,10.0,4.8,62,60.0,0.222,0.39,us,4.3,1.818,0.045,155
-30.4772,-178.3959,10.0,4.3,12,160.0,1.293,1.03,us,10.97,1.927,0.201,7
51.7947,158.3571,63.946,4.5,94,124.0,1.244,0.63,us,9.93,6.916,0.049,122
39.672,141.4176,96.177,4.2,27,152.0,1.148,0.65,us,8.37,7.941,0.132,16
44.3837,149.5287,35.0,5.1,82,98.0,4.989,0.85,us,10.0,1.861,0.075,57
52.441,160.4984,10.0,4.3,16,209.0,1.266,0.77,us,10.03,1.999,0.147,13
26.0146,126.0921,89.971,4.9,60,88.0,2.119,0.87,us,7.43,4.405,0.055,102
1.8281,125.0723,193.777,4.3,36,97.0,0.447,0.72,us,7.97,5.482,0.106,25
49.8145,158.3596,10.0,4.3,47,80.0,3.218,0.55,us,6.91,1.874,0.093,33
52.715,161.0274,10.0,4.3,44,134.0,1.474,0.8,us,11.85,1.909,0.099,29
-20.2633,169.4674,123.44,4.3,17,163.0,3.001,0.47,us,8.76,8.185,0.16,11
-10.1601,108.494,10.0,4.9,73,58.0,2.776,0.65,us,6.92,1.852,0.072,61
2.0682,96.6309,26.827,4.5,43,181.0,1.211,0.54,us,7.44,6.437,0.09,36
-2.9038,136.2918,10.0,4.9,26,56.0,1.779,1.1,us,6.94,1.761,0.099,32
18.6497,145.6157,10.0,4.2,23,135.0,3.394,0.63,us,12.21,1.912,0.131,16
27.0516,-44.3397,10.0,4.5,17,119.0,42.586,0.7,us,15.13,1.912,0.163,11
-4.6612,152.4077,105.784,4.8,60,95.0,0.527,0.75,us,9.4,5.769,0.048,135
-18.0225,-178.2053,557.71,5.0,175,114.0,2.78,0.7,us,11.84,6.347,0.042,178
12.387,126.0699,10.0,4.4,31,119.0,22.07,0.83,us,14.01,1.912,0.103,27
39.5659,143.0305,34.797,4.1,17,198.0,1.94,0.9,us,9.57,4.962,0.198,8
52.7737,161.1913,10.0,4.3,28,148.0,1.56,0.68,us,9.99,1.94,0.133,16
52.1052,160.3138,10.0,4.7,73,124.0,1.37,0.97,us,9.18,1.887,0.064,74
51.4172,159.6107,28.721,4.2,17,244.0,1.714,0.59,us,14.61,10.261,0.146,14
-2.8693,147.2599,10.0,4.4,22,80.0,0.827,1.48,us,6.8,1.271,0.139,15
51.5428,159.6795,35.0,4.5,39,134.0,1.612,0.97,us,11.53,1.934,0.095,32
51.5881,159.9865,10.0,4.2,17,138.0,1.655,1.32,us,11.75,1.948,0.16,11
39.2265,28.1034,10.0,4.2,34,69.0,0.944,0.47,us,3.91,1.932,0.159,11
-56.0224,-143.4819,10.0,5.1,30,111.0,28.557,0.52,us,11.92,1.595,0.105,29
-21.1486,-177.9563,433.446,4.3,46,83.0,5.064,0.74,us,11.22,6.878,0.092,33
13.5684,144.8388,111.825,4.8,49,94.0,0.035,0.64,us,6.03,4.25,0.084,44
53.4599,-163.7209,10.0,4.5,142,97.0,1.192,0.65,us,4.39,1.888,0.032,282
49.2109,156.415,35.0,4.1,17,138.0,3.985,0.68,us,8.11,1.894,0.184,10
12.8009,-89.2883,48.078,4.2,59,173.0,0.969,0.73,us,8.2,12.61,0.078,46
-36.5703,178.5565,110.659,4.8,36,214.0,1.01,1.42,us,13.2,9.33,0.109,26
-6.8749,125.3117,520.733,4.5,91,39.0,3.043,0.45,us,10.46,8.24,0.07,61
13.5155,-92.4205,10.0,4.5,44,177.0,1.334,0.88,us,7.71,1.958,0.041,178
7.7288,127.1648,35.0,4.5,47,108.0,1.704,1.39,us,9.67,1.921,0.085,45
9.3701,93.9935,10.0,4.3,15,190.0,5.593,0.28,us,6.73,1.966,0.217,7
-6.1773,131.1885,65.107,4.6,56,90.0,2.083,0.55,us,7.51,7.54,0.083,43
0.7343,118.5703,13.398,4.5,49,69.0,1.033,0.5,us,4.91,4.689,0.092,35
51.7688,160.4012,10.0,4.6,53,122.0,1.652,0.64,us,7.31,1.57,0.084,42
52.5168,160.6683,10.0,4.4,70,121.0,1.327,0.79,us,11.07,1.92,0.062,74
5.74,126.1967,132.625,4.4,33,107.0,1.23,0.7,us,7.62,7.193,0.094,35
50.3704,158.5853,10.0,4.3,76,133.0,2.657,0.64,us,8.82,1.891,0.053,100
51.3119,160.5287,10.0,4.2,25,138.0,2.068,1.03,us,6.66,1.796,0.118,20
52.5625,160.7212,10.0,4.3,17,134.0,1.34,0.76,us,8.21,1.91,0.169,10
6.7107,126.8745,85.27,4.7,30,133.0,1.335,0.66,us,10.51,3.87,0.106,27
-5.8578,152.5154,10.0,4.1,18,194.0,1.692,0.44,us,7.97,1.743,0.145,13
34.9271,26.6098,10.0,4.3,51,154.0,0.766,0.91,us,6.25,1.902,0.077,48
10.6993,-85.2721,16.868,4.3,13,113.0,0.174,0.75,us,3.31,3.708,0.064,70
-19.7029,-177.3837,375.794,4.0,44,93.0,7.065,1.11,us,7.54,8.915,0.086,36
52.2902,160.5002,10.0,4.9,34,67.0,1.345,0.62,us,6.96,1.854,0.122,21
-55.0686,-128.6729,10.0,4.8,23,77.0,32.354,0.48,us,15.21,1.854,0.127,19
42.5355,-126.3243,10.0,3.3,25,188.0,1.48,0.67,us,6.52,1.993,0.243,6
34.8172,70.8104,8.988,5.3,87,47.0,1.414,0.64,us,8.52,3.76,0.036,264
51.2104,159.6003,10.0,4.6,32,155.0,1.908,0.99,us,7.65,1.938,0.114,26
52.0961,159.2382,35.0,5.0,118,95.0,0.996,0.91,us,8.57,1.841,0.033,302
52.339,160.7464,19.625,4.3,36,122.0,1.449,0.35,us,10.43,5.472,0.083,41
9.2996,125.3861,10.0,4.5,48,112.0,2.224,0.64,us,11.96,1.875,0.087,45
-30.5085,-177.1039,10.0,4.2,18,260.0,9.087,0.76,us,14.12,2.004,0.159,11
49.7788,157.0846,35.0,4.7,55,128.0,3.356,0.67,us,11.29,1.917,0.041,179
-57.9569,-10.5137,10.0,4.6,23,98.0,14.13,1.12,us,13.78,1.941,0.123,23
2.624,127.2715,49.74,4.5,51,74.0,1.842,0.88,us,7.01,7.421,0.096,32
-21.1203,-69.2998,86.333,4.1,16,70.0,0.191,0.78,us,3.52,5.569,0.213,6
6.4655,62.1701,10.0,4.4,26,112.0,35.679,0.79,us,14.15,1.918,0.12,22
-7.3025,128.9231,150.747,4.1,21,65.0,5.21,0.46,us,8.73,10.997,0.175,9
-24.3097,-67.0909,168.776,4.5,30,66.0,1.68,0.82,us,6.03,9.629,0.144,14
13.0289,145.1814,37.03,4.5,34,165.0,0.635,0.56,us,8.71,8.281,0.11,24
52.4359,159.9524,74.601,4.6,37,165.0,1.526,1.18,us,6.84,8.095,0.103,28
16.4618,-59.737,10.0,4.2,27,234.0,1.275,0.53,us,7.43,1.973,0.304,3
52.9794,161.2571,10.0,4.2,45,119.0,1.576,0.93,us,9.58,1.891,0.086,38
-14.1982,-14.3764,10.0,5.0,35,74.0,6.226,0.73,us,6.91,1.859,0.075,57
49.5168,157.24,10.0,4.5,56,185.0,3.608,0.54,us,12.21,1.949,0.085,41
-21.7903,-68.5845,120.568,4.6,56,43.0,0.611,1.0,us,5.31,4.289,0.049,126
-6.1344,129.9037,155.384,4.6,75,28.0,3.958,0.88,us,8.17,7.083,0.056,95
41.3078,142.4867,47.618,4.2,20,182.0,0.867,0.79,us,7.36,9.715,0.16,11
-22.94,173.0802,10.0,4.4,12,137.0,5.209,0.95,us,11.66,1.945,0.19,8
-57.7617,157.687,10.0,5.1,35,98.0,3.346,0.77,us,12.31,1.894,0.092,39
57.5867,119.7191,10.0,4.6,110,69.0,6.712,0.76,us,8.54,1.863,0.058,91
-33.7911,-178.5098,10.0,4.6,21,241.0,4.568,1.03,us,12.86,1.997,0.146,14
50.255,159.0845,10.0,4.3,25,134.0,2.786,1.21,us,10.66,1.908,0.148,14
52.3337,160.2758,30.306,5.1,201,121.0,1.207,0.76,us,8.67,4.921,0.033,296
30.9515,140.0817,10.041,4.6,66,102.0,2.169,0.45,us,6.19,3.423,0.079,48
-21.6058,-179.1001,575.623,4.1,26,104.0,4.685,0.47,us,15.25,11.615,0.116,20
50.2794,156.7642,68.468,4.5,69,132.0,2.892,0.9,us,11.47,7.356,0.056,94
9.9483,125.767,63.711,4.4,34,120.0,2.866,0.65,us,13.5,4.398,0.107,25
53.1528,161.03,27.56,4.6,105,145.0,1.441,0.56,us,8.91,4.488,0.059,87
49.5385,154.808,105.317,4.0,55,123.0,4.008,0.7,us,12.0,8.266,0.081,44
51.381,159.7404,10.0,4.4,35,137.0,1.777,1.12,us,9.9,1.856,0.109,24
-5.3549,128.4253,321.083,4.0,37,86.0,4.516,0.87,us,7.91,8.88,0.113,21
50.9075,159.5402,10.0,4.5,19,136.0,2.48,0.55,us,11.54,1.918,0.205,7
-5.1691,-80.8889,43.081,4.4,19,162.0,3.14,1.0,us,13.16,9.487,0.162,11
0.2614,122.0062,164.366,4.6,78,41.0,1.487,0.64,us,5.17,6.087,0.073,57
51.5504,159.5788,27.718,5.3,109,113.0,1.94,0.83,us,7.87,3.528,0.031,348
52.338,160.0971,35.0,5.3,104,110.0,1.117,0.81,us,8.84,1.916,0.06,93
50.4997,159.977,10.0,4.1,47,133.0,2.658,0.49,us,10.27,1.917,0.087,36
52.5349,160.6137,10.0,4.4,32,122.0,1.289,0.31,us,7.83,1.896,0.12,20
27.4432,102.9337,10.0,4.2,41,94.0,6.408,0.36,us,10.6,1.91,0.096,32
-8.2437,116.7258,10.0,4.5,30,68.0,1.19,1.04,us,3.82,1.776,0.128,18
1.2621,96.7469,10.0,4.8,42,189.0,2.599,1.21,us,10.58,1.938,0.093,36
53.7866,160.2054,69.829,4.4,129,131.0,1.205,0.46,us,8.15,7.204,0.039,192
53.0029,161.1671,35.0,4.5,23,201.0,1.521,1.04,us,13.4,1.976,0.145,14
-30.1119,-177.9446,29.892,4.6,19,176.0,0.864,0.5,us,10.12,5.183,0.14,16
45.6845,42.2956,10.0,4.3,41,55.0,2.675,0.78,us,7.57,1.914,0.085,39
-23.8942,179.6029,568.441,4.5,32,138.0,6.288,0.71,us,14.52,12.74,0.108,25
53.0985,159.3084,88.054,4.5,68,117.0,0.404,0.74,us,9.69,6.73,0.051,111
52.224,158.1292,77.898,4.5,42,127.0,0.861,0.89,us,7.15,6.352,0.095,33
51.5437,159.2549,35.0,4.7,86,134.0,1.528,0.83,us,8.58,1.899,0.047,138
13.8894,144.6662,10.0,4.1,9,118.0,0.357,0.3,us,3.3,1.958,0.262,4
43.2431,-126.7952,10.0,4.2,72,182.0,2.027,1.01,us,9.18,1.954,0.065,67
32.9098,-39.8434,10.0,4.4,40,131.0,20.853,0.92,us,13.59,1.918,0.086,39
42.6807,141.2242,130.202,4.3,18,74.0,1.58,1.3,us,7.57,4.302,0.169,10
42.3146,144.4608,35.0,4.4,20,152.0,1.014,0.65,us,5.71,1.952,0.149,13
58.9973,-30.7819,10.0,4.5,76,52.0,7.291,0.46,us,9.14,1.89,0.069,61
0.8821,92.7848,10.0,4.8,42,55.0,4.808,0.78,us,9.92,1.868,0.107,27
-30.2358,-178.0292,90.423,4.8,29,135.0,7.916,0.76,us,8.14,8.477,0.109,26
5.7178,61.6827,10.0,4.6,50,76.0,12.427,0.55,us,11.75,1.909,0.086,41
-47.3288,97.6416,10.0,4.4,12,157.0,20.688,0.62,us,11.14,1.946,0.17,10
19.5749,146.5963,35.0,4.3,25,159.0,4.379,0.76,us,11.66,1.949,0.125,18
-4.7059,145.6568,10.405,4.5,31,52.0,3.147,1.08,us,6.89,4.28,0.106,26
16.3022,-59.6409,10.0,4.5,50,150.0,1.36,0.76,us,7.18,1.919,0.104,27
-6.1043,127.7211,397.397,4.2,29,63.0,2.682,0.79,us,7.84,11.246,0.141,14
18.5829,-47.3495,10.0,4.6,19,142.0,12.928,0.65,us,13.72,1.94,0.137,16
50.1257,159.4975,10.0,5.0,94,135.0,2.95,0.6,us,10.1,1.853,0.026,465
4.9696,95.9887,10.0,4.6,20,131.0,0.989,0.88,us,7.46,1.899,0.182,9
42.2758,143.1513,65.468,4.2,28,143.0,0.261,0.38,us,9.35,6.392,0.132,16
51.4159,159.8462,10.0,4.3,27,124.0,1.77,0.98,us,8.91,1.896,0.122,19
1.553,127.3554,154.92,4.1,37,81.0,0.776,0.78,us,6.97,4.085,0.12,22
51.6074,158.6189,35.0,4.6,25,208.0,1.418,0.82,us,11.29,1.976,0.107,26
27.242,140.1716,451.332,4.1,52,93.0,1.799,0.77,us,13.23,9.324,0.063,70
50.6641,159.9504,10.0,4.4,61,125.0,2.497,0.64,us,6.78,1.802,0.073,54
-24.1838,179.8728,512.792,4.2,21,121.0,6.628,0.87,us,14.61,6.49,0.141,14
-50.2528,112.7707,10.0,4.4,19,144.0,16.114,0.88,us,7.31,1.93,0.139,17
53.2679,159.797,58.308,4.6,107,104.0,0.733,0.73,us,8.53,6.989,0.046,139
-62.9489,-162.833,10.0,5.0,28,104.0,17.691,1.02,us,13.23,1.877,0.117,23
50.7456,157.8728,62.716,4.2,22,176.0,2.369,0.38,us,12.17,8.682,0.158,13
55.4235,160.5198,160.215,4.1,39,124.0,2.644,0.88,us,12.19,9.067,0.099,28
53.1348,161.5712,10.0,4.4,31,153.0,1.766,0.63,us,10.35,1.922,0.115,22
-7.8025,118.8538,38.505,5.0,77,33.0,1.474,0.84,us,5.91,4.599,0.074,63
50.7446,157.1493,50.573,5.2,124,129.0,2.392,0.57,us,9.3,6.398,0.057,102
21.9585,119.7862,10.0,4.9,65,93.0,1.471,0.73,us,6.93,1.881,0.046,149
29.2959,129.4315,16.063,4.2,19,110.0,2.376,1.05,us,8.51,5.266,0.167,10
-24.5497,-68.1048,135.332,4.2,23,78.0,1.481,0.46,us,6.73,7.725,0.153,12
52.8658,160.7459,35.0,4.2,20,165.0,1.278,0.72,us,11.35,1.977,0.146,13
-17.98,-178.3576,605.504,4.5,70,49.0,2.636,0.83,us,13.37,6.838,0.061,89
-18.7412,168.8691,167.308,4.5,30,116.0,3.643,0.61,us,9.31,8.551,0.109,25
52.7901,160.9724,10.0,4.2,22,129.0,1.426,0.88,us,10.33,1.922,0.147,13
37.4794,72.3715,210.974,4.2,26,257.0,0.837,0.61,us,11.21,9.06,0.215,6
52.7317,160.2068,36.513,4.2,36,150.0,0.988,0.81,us,11.91,10.061,0.11,23
-17.9522,-178.1792,557.575,4.1,22,83.0,2.763,0.37,us,15.44,10.668,0.127,17
54.4964,-159.8493,36.422,3.9,31,184.0,0.368,0.81,us,6.8,10.066,0.209,6
39.2068,28.171,10.0,4.0,18,56.0,1.024,0.68,us,4.86,1.953,0.298,3
49.4633,155.2257,80.982,4.3,35,133.0,3.966,0.31,us,6.13,8.468,0.114,22
2.7019,127.1005,81.019,4.5,52,79.0,1.936,0.61,us,6.48,7.224,0.085,40
53.0106,160.9939,28.799,4.4,41,172.0,1.416,0.65,us,12.25,7.423,0.086,41
-21.1444,-68.6911,117.987,4.6,37,71.0,0.75,1.02,us,5.66,5.85,0.071,59
38.0915,20.341,42.571,4.1,36,119.0,1.553,0.99,us,6.39,10.659,0.14,14
50.8157,160.0723,10.0,4.5,115,135.0,2.38,0.52,us,9.7,1.905,0.049,123
-4.0796,-76.5241,121.567,4.2,41,96.0,2.974,0.97,us,9.78,9.515,0.105,25
51.8275,160.1908,10.0,5.0,24,209.0,1.525,0.53,us,13.52,1.975,0.188,9
52.7616,160.911,10.0,4.3,22,196.0,1.395,0.59,us,6.79,1.994,0.116,21
-7.378,128.8768,138.247,4.5,38,77.0,5.134,0.7,us,9.59,8.513,0.099,30
10.9009,123.9271,10.0,5.0,62,51.0,4.142,0.82,us,10.52,1.874,0.072,62
-59.0038,149.5291,10.0,4.2,12,118.0,6.865,0.57,us,11.0,1.967,0.166,10
-21.5471,-69.1139,95.992,4.3,28,58.0,0.275,1.24,us,4.46,3.805,0.16,11
51.8297,-171.8469,49.484,3.7,47,196.0,1.499,1.0,us,11.52,10.916,0.089,32
12.0854,143.2893,38.326,4.4,37,66.0,2.146,1.21,us,8.56,8.014,0.106,29
32.3307,140.8236,69.344,4.5,51,111.0,1.156,0.63,us,11.78,7.699,0.088,38
6.7319,-72.9942,168.406,4.3,43,86.0,2.293,0.7,us,9.69,7.438,0.075,51
6.6378,125.059,14.506,4.2,11,135.0,0.671,0.71,us,5.81,5.884,0.2,7
-14.2239,-72.8924,84.332,4.2,34,119.0,4.444,0.73,us,8.74,7.929,0.097,30
54.6509,168.1775,10.0,4.2,40,141.0,4.012,0.93,us,13.23,1.948,0.081,42
30.7824,96.6483,10.0,4.2,14,116.0,4.896,0.72,us,9.3,1.914,0.176,9
7.3775,-78.0484,10.0,4.5,38,104.0,2.509,1.04,us,6.72,1.87,0.104,27
51.6854,160.0497,34.907,4.6,52,137.0,2.026,0.65,us,10.32,5.481,0.081,45
51.542,159.5575,36.094,4.5,66,120.0,1.585,0.74,us,9.01,6.941,0.074,53
5.6861,-77.8684,10.0,4.2,17,124.0,2.38,1.3,us,6.56,1.789,0.136,15
50.0025,155.9659,75.444,4.5,65,135.0,3.293,0.71,us,10.91,7.486,0.062,77
52.031,160.4215,10.0,4.3,20,125.0,1.469,1.25,us,9.24,1.923,0.133,16
52.2212,160.3199,41.363,4.1,20,137.0,1.827,1.03,us,10.62,6.347,0.127,17
37.7572,144.3239,10.0,4.3,17,159.0,3.945,0.39,us,5.16,1.952,0.169,10
50.8403,158.6814,10.0,4.3,33,149.0,2.186,0.97,us,12.72,1.962,0.095,31
32.4076,141.7538,10.0,4.6,63,124.0,1.78,0.62,us,8.24,1.881,0.079,48
29.4111,129.1909,10.0,4.5,35,95.0,2.358,1.04,us,7.64,1.893,0.104,27
53.1638,160.0687,43.696,4.2,26,137.0,0.867,0.68,us,11.96,5.222,0.128,17
4.148,126.5326,46.152,4.4,33,73.0,1.2,0.86,us,7.78,6.084,0.12,20
51.9306,158.996,73.984,4.6,30,166.0,1.115,0.66,us,11.57,7.445,0.089,38
-29.2958,-71.7148,32.778,4.2,23,150.0,0.747,0.65,us,4.37,8.025,0.373,2
50.5767,158.9402,10.0,4.8,26,132.0,2.457,1.14,us,10.77,1.903,0.143,15
4.3473,128.528,10.0,4.3,27,89.0,3.064,0.6,us,8.55,1.89,0.133,16
50.5114,156.3963,93.002,4.3,17,138.0,2.723,0.62,us,12.95,9.25,0.189,9
52.1059,159.4838,35.0,4.3,29,123.0,1.05,0.74,us,8.19,1.927,0.122,19
-18.1459,-178.145,571.372,4.0,25,86.0,2.896,0.82,us,9.71,10.414,0.119,19
10.8677,-62.8177,164.958,4.1,37,164.0,4.17,0.89,us,6.8,10.796,0.095,30
-4.0203,129.6601,103.71,4.3,24,124.0,0.555,0.75,us,9.51,8.115,0.111,23
51.4482,158.8543,59.136,4.0,24,167.0,1.583,0.5,us,11.97,9.001,0.13,17
50.6392,158.3678,35.0,4.4,50,131.0,2.394,0.92,us,10.62,1.921,0.065,69
-27.6938,179.4477,514.853,4.7,56,102.0,9.621,0.6,us,12.53,8.127,0.071,64
52.9554,160.8155,36.066,4.4,56,146.0,1.311,0.95,us,8.93,8.239,0.081,46
-51.3994,-75.3811,18.674,4.3,15,177.0,2.766,0.92,us,10.84,6.11,0.177,9
7.5345,126.8509,52.418,4.4,36,61.0,1.343,0.95,us,9.26,8.365,0.11,24
-23.4796,-70.3068,40.94,3.9,21,174.0,1.025,1.04,us,5.07,10.767,0.23,5
51.2802,159.4809,10.0,4.4,28,221.0,1.819,1.02,us,8.16,1.965,0.12,20
-58.9971,-23.5339,10.0,4.0,13,93.0,19.325,0.47,us,8.9,1.904,0.183,10
9.3119,93.8715,10.0,4.5,33,131.0,5.706,0.92,us,9.31,1.922,0.11,24
-9.2516,112.6426,66.245,4.0,17,155.0,1.682,0.97,us,9.91,10.427,0.164,11
34.9162,32.494,10.0,4.0,27,108.0,0.689,1.0,us,6.06,1.959,0.119,19
7.0621,126.8812,66.09,4.5,35,112.0,1.292,1.13,us,8.9,8.155,0.094,33
51.2524,159.0823,35.0,4.4,50,128.0,1.794,0.73,us,8.74,1.922,0.08,45
37.7406,144.1271,10.0,4.5,34,141.0,3.862,0.62,us,9.56,1.922,0.121,20
52.2025,159.0263,61.666,4.9,186,125.0,0.854,0.53,us,8.5,6.307,0.044,165
-20.1401,66.3055,10.0,4.8,61,59.0,2.788,0.46,us,6.85,1.862,0.079,51
-24.2993,-175.7043,31.869,5.1,71,113.0,5.312,0.64,us,11.14,5.434,0.071,64
13.1316,124.1919,85.683,4.9,93,55.0,6.176,0.8,us,8.92,6.554,0.045,152
52.6854,160.265,39.38,4.2,18,156.0,1.036,0.98,us,12.7,12.386,0.136,15
-38.1869,176.1123,196.427,4.4,32,62.0,0.663,0.82,us,7.61,7.239,0.12,20
-52.7683,22.3101,10.0,4.4,14,76.0,20.081,0.74,us,11.83,1.929,0.155,12
51.8445,159.2863,35.0,4.1,33,125.0,1.243,0.77,us,8.03,1.939,0.096,30
-1.6311,-77.6831,172.909,4.2,39,66.0,0.368,0.6,us,7.11,4.974,0.097,32
51.7614,158.3786,65.518,4.7,112,108.0,1.275,0.49,us,8.11,6.573,0.028,384
51.707,160.2022,10.0,4.3,23,137.0,1.626,1.03,us,9.21,1.881,0.129,17
40.1561,69.0474,10.0,4.3,31,90.0,0.839,0.91,us,4.2,1.887,0.122,19
53.0744,160.8581,10.0,4.7,59,113.0,1.334,1.24,us,8.43,1.872,0.042,174
-21.5965,-68.5632,134.03,4.1,20,84.0,0.662,0.36,us,6.28,5.908,0.184,8
44.1537,146.5987,102.72,4.4,53,133.0,2.884,0.62,us,10.51,8.051,0.08,46
52.3165,161.5162,10.0,4.2,43,164.0,1.883,0.55,us,12.88,1.955,0.092,33
52.653,160.6257,10.0,5.1,114,72.0,1.255,1.07,us,8.02,1.803,0.022,649
51.3378,159.3872,32.999,4.7,110,137.0,1.748,0.6,us,11.19,5.692,0.057,94
52.5879,160.8269,10.0,4.4,27,109.0,1.392,1.2,us,12.27,1.913,0.126,18
51.2842,158.4725,35.0,4.5,24,127.0,1.745,0.8,us,11.04,1.92,0.156,12
39.4811,143.4805,10.0,4.9,35,133.0,2.267,0.82,us,10.21,1.907,0.106,28
-5.9522,146.9104,102.019,4.2,18,126.0,3.439,0.75,us,10.07,9.437,0.158,12
51.9658,160.6815,10.0,4.1,17,164.0,1.632,0.46,us,5.48,1.974,0.139,15
5.5716,61.3128,10.0,4.4,27,139.0,23.462,0.78,us,15.29,1.944,0.123,19
21.5117,97.2973,10.0,4.4,37,109.0,2.24,0.71,us,8.56,1.691,0.107,25
-3.978,101.4954,34.424,4.3,27,138.0,1.505,0.83,us,4.6,6.587,0.129,17
-4.6174,153.6788,99.665,4.4,41,119.0,1.569,0.57,us,9.87,7.088,0.095,32
51.1478,159.3957,10.0,4.5,18,104.0,2.225,0.72,us,12.66,1.903,0.144,14
50.8282,160.0911,10.0,4.3,31,132.0,2.373,0.51,us,9.8,1.926,0.106,25
8.482,126.3659,83.261,4.3,16,140.0,1.605,0.69,us,11.33,5.404,0.168,10
-58.0146,-23.2715,10.0,4.4,11,103.0,16.075,0.67,us,9.84,1.901,0.161,11
29.5916,129.679,8.368,4.9,106,70.0,2.025,0.53,us,7.46,4.688,0.052,116
52.955,159.2868,65.128,4.2,65,118.0,0.391,0.73,us,10.76,6.875,0.067,62
41.5353,141.981,66.838,4.3,42,127.0,1.002,0.84,us,5.19,8.431,0.102,27
23.6902,-44.9762,10.0,4.7,38,104.0,16.824,0.76,us,13.47,1.917,0.092,36
-5.1276,133.8264,10.0,4.6,32,102.0,2.452,0.78,us,8.88,1.933,0.109,25
6.0139,127.5901,10.0,4.5,32,61.0,2.257,0.4,us,9.69,1.835,0.113,23
51.5628,158.7086,35.0,4.8,40,123.0,1.463,1.27,us,9.46,1.932,0.114,38
7.2537,126.7561,83.196,4.5,32,112.0,1.182,0.89,us,7.86,7.768,0.104,27
49.2099,156.3941,35.0,4.4,30,139.0,3.989,0.4,us,10.97,1.912,0.117,21
55.2758,109.8148,10.0,4.1,19,86.0,4.614,0.56,us,10.55,1.948,0.157,12
-50.7727,-27.8732,10.0,4.6,17,118.0,6.323,0.52,us,14.26,1.9,0.173,10
52.599,160.8781,35.0,4.1,30,121.0,1.418,0.92,us,10.26,1.934,0.099,28
10.8263,124.139,10.0,4.4,20,132.0,3.994,1.19,us,13.74,1.908,0.155,12
51.8036,158.6287,60.376,4.7,73,124.0,1.222,0.89,us,8.58,6.804,0.036,238
7.0271,127.4559,10.0,4.4,23,72.0,3.01,1.06,us,7.12,1.791,0.138,15
36.1631,139.9632,77.977,4.1,27,142.0,1.466,0.79,us,9.06,8.1,0.123,18
49.9233,158.8981,10.0,4.4,39,136.0,3.108,0.86,us,8.53,1.857,0.107,25
36.6031,68.0294,10.0,4.3,73,125.0,2.237,0.7,us,6.45,1.902,0.067,64
-7.1091,150.497,10.0,4.5,61,74.0,3.172,0.84,us,7.15,1.858,0.086,48
43.4404,-126.8241,10.0,4.1,42,211.0,2.04,0.91,us,8.48,1.982,0.185,8
48.8934,154.9143,77.835,4.2,27,135.0,4.571,0.68,us,12.44,8.72,0.131,16
52.2578,159.4085,55.346,4.5,52,150.0,0.895,0.88,us,7.68,7.384,0.093,34
-47.6325,116.1184,10.0,4.6,14,176.0,14.712,0.45,us,10.45,1.96,0.193,8
9.3798,93.87,10.0,4.6,60,123.0,5.13,0.35,us,9.32,1.902,0.084,42
52.9209,160.4597,35.0,4.4,27,158.0,1.099,1.23,us,9.61,1.915,0.112,24
9.4274,126.5176,35.0,4.4,36,102.0,2.52,0.47,us,10.22,1.934,0.086,39
-7.0179,129.8029,111.775,4.5,38,93.0,2.481,0.61,us,9.17,7.558,0.097,31
52.3906,160.7468,10.0,5.1,78,134.0,1.425,0.99,us,10.72,1.898,0.072,62
-29.6475,-177.3256,35.0,4.4,16,260.0,28.876,1.03,us,20.38,2.019,0.139,15
-6.1681,149.9136,54.478,4.7,119,32.0,2.98,0.65,us,6.33,3.418,0.057,97
-3.7996,118.683,10.0,4.2,25,95.0,1.336,1.01,us,6.89,1.901,0.141,14
4.1895,126.5775,35.0,4.5,43,108.0,1.221,1.17,us,6.54,1.917,0.101,29
-30.633,-178.8006,121.021,4.7,34,103.0,1.577,0.79,us,12.66,8.469,0.082,46
52.1986,159.5556,48.659,4.2,28,151.0,0.994,0.57,us,10.06,7.84,0.118,20
51.6119,160.1743,10.0,4.0,17,154.0,1.695,0.66,us,8.06,1.852,0.164,10
52.5896,159.243,59.739,4.8,87,111.0,0.564,0.81,us,7.58,5.651,0.028,384
-3.4576,129.2547,53.948,4.3,26,65.0,1.24,0.69,us,9.53,7.641,0.119,20
46.8692,150.7246,185.141,4.1,32,151.0,6.342,0.85,us,14.04,10.227,0.117,22
-16.4737,176.8404,10.0,4.7,20,105.0,1.715,0.87,us,8.49,1.886,0.137,16
