latitude,longitude,depth,mag,nst,gap,dmin,rms,net,horizontalError,depthError,magError,magNst
0.337,98.6405,49.768,5.1,158,41.0,2.358,0.6,us,7.34,5.066,0.049,133
51.6012,159.7895,10.0,4.4,52,120.0,1.587,1.44,us,9.0,1.896,0.082,43
50.6833,158.1511,27.675,4.7,134,88.0,2.364,0.79,us,8.39,5.359,0.05,121
50.7248,158.2866,35.0,4.3,27,138.0,2.313,0.74,us,9.79,1.94,0.119,20
-47.7754,116.1502,10.0,4.1,12,159.0,14.854,0.73,us,12.63,1.9,0.158,11
52.895,160.2544,35.0,4.2,25,211.0,0.979,0.58,us,13.43,2.006,0.136,15
37.4873,142.0501,45.246,4.4,34,149.0,3.216,1.1,us,4.76,9.275,0.117,21
52.1396,160.3689,26.619,5.0,45,177.0,1.372,0.88,us,11.44,7.295,0.055,106
52.5134,160.7669,28.866,4.2,49,116.0,1.384,0.74,us,10.59,6.387,0.086,38
53.9219,-164.5049,18.727,3.4,32,154.0,0.586,0.39,us,3.96,6.888,0.201,6
54.6509,168.1775,10.0,4.2,40,141.0,4.012,0.93,us,13.23,1.948,0.081,42
-60.161,-62.1152,10.0,4.7,72,100.0,4.717,0.54,us,9.0,1.86,0.069,68
15.6726,122.2526,21.521,4.6,38,158.0,7.193,0.64,us,12.34,5.681,0.111,24
-35.4444,-179.769,10.0,4.3,16,259.0,2.621,0.5,us,8.65,1.966,0.188,8
31.6267,141.7888,10.0,4.2,32,126.0,2.235,0.76,us,10.01,1.9,0.124,18
50.3541,157.2101,35.0,4.4,35,131.0,2.775,1.34,us,9.36,1.936,0.13,17
49.2195,155.9881,31.738,4.6,137,136.0,4.04,0.65,us,11.29,5.758,0.047,132
35.3266,57.2005,10.0,4.3,34,165.0,7.512,0.92,us,7.59,1.928,0.116,21
37.793,142.0056,58.649,4.3,23,133.0,3.08,0.5,us,8.08,7.705,0.2,8
-59.3012,-60.2417,10.0,4.8,30,113.0,5.776,0.63,us,10.53,1.915,0.095,38
52.6224,159.6677,48.87,4.3,52,120.0,0.737,0.76,us,8.21,6.077,0.083,41
19.0612,121.2893,43.638,4.1,26,144.0,3.743,0.85,us,13.43,9.038,0.14,14
2.6308,127.2557,84.922,4.3,40,97.0,1.85,0.74,us,9.96,8.768,0.094,32
39.3799,143.5504,10.0,4.5,34,143.0,2.37,0.77,us,8.0,1.905,0.115,22
51.3844,159.5559,35.688,5.1,78,121.0,1.734,1.27,us,8.8,6.512,0.037,237
-29.7222,-176.6496,10.0,4.6,18,208.0,8.876,1.18,us,15.04,1.964,0.141,16
50.84,156.4149,123.572,4.1,18,137.0,2.406,0.58,us,12.4,6.058,0.144,13
49.7005,155.3961,65.747,5.3,71,127.0,3.704,0.55,us,9.71,5.802,0.077,56
-25.3585,179.5477,537.754,4.1,20,128.0,11.396,0.36,us,14.52,8.65,0.131,16
-22.8279,-179.1866,523.472,4.5,57,110.0,5.682,0.91,us,13.68,8.086,0.081,45
52.2378,160.6673,10.0,4.8,46,123.0,1.46,1.19,us,9.77,1.893,0.075,55
53.2758,160.3532,45.017,4.1,66,130.0,1.057,0.58,us,10.35,6.636,0.075,51
51.4632,159.3405,35.0,4.2,27,193.0,1.619,0.78,us,11.93,1.989,0.128,17
32.6188,47.9026,10.0,4.1,17,222.0,3.083,0.75,us,15.0,2.016,0.197,7
52.8619,161.9184,10.0,4.4,30,105.0,1.984,1.13,us,10.47,1.915,0.12,22
-19.1257,-174.6439,88.347,4.6,32,89.0,4.46,0.65,us,12.61,9.068,0.095,33
-56.3874,-27.8692,149.21,4.3,26,145.0,5.352,1.04,us,14.38,9.194,0.104,26
43.5603,147.7479,35.0,4.9,32,155.0,3.715,1.04,us,8.3,1.811,0.122,21
-2.1097,139.0313,35.0,4.9,69,71.0,1.012,0.61,us,4.87,1.784,0.058,94
51.5824,-173.8195,40.436,4.2,79,141.0,0.663,0.83,us,5.59,7.389,0.056,87
-45.3527,97.3138,10.0,4.4,11,157.0,22.154,0.24,us,9.58,1.933,0.189,8
42.3653,144.4693,48.568,4.8,85,123.0,1.036,0.64,us,7.54,6.899,0.028,404
19.6195,-108.8654,10.0,4.1,98,202.0,3.856,0.53,us,11.33,1.971,0.052,101
25.8739,128.9672,10.0,4.6,47,68.0,1.143,0.88,us,4.79,1.899,0.091,36
-23.4303,179.0358,559.959,4.6,54,132.0,5.731,0.95,us,13.78,9.717,0.057,93
1.5145,124.9711,177.068,4.0,22,83.0,0.149,0.85,us,7.82,4.271,0.156,11
51.7415,158.6828,63.654,4.1,26,102.0,1.284,0.74,us,5.2,7.893,0.127,17
-56.2113,-27.0024,95.712,4.8,23,76.0,5.759,0.95,us,12.38,6.796,0.122,21
3.5505,126.7713,49.644,4.5,42,104.0,1.744,1.02,us,5.32,7.138,0.093,34
-24.0951,-66.7639,192.487,4.7,90,58.0,1.727,1.1,us,9.25,6.916,0.033,275
-6.3016,128.0976,355.026,4.2,58,41.0,5.114,0.71,us,7.58,8.857,0.093,36
42.5603,141.8573,124.639,4.3,56,93.0,1.108,0.9,us,6.64,7.837,0.082,42
-33.9048,-178.86,10.0,5.1,39,84.0,4.316,1.04,us,8.45,1.843,0.096,37
38.3902,119.3497,10.0,4.5,38,111.0,2.956,0.69,us,6.47,1.875,0.089,37
52.1919,160.1743,34.0,4.8,60,137.0,1.248,1.17,us,5.64,5.681,0.08,51
-23.1093,-177.0071,170.159,4.8,20,172.0,7.066,0.91,us,18.14,5.451,0.135,19
-24.7421,-173.8807,10.0,4.4,15,138.0,6.727,0.54,us,9.18,1.921,0.154,13
39.8728,75.3488,10.0,4.2,31,147.0,1.197,0.81,us,2.3,1.91,0.141,14
52.2735,160.504,29.755,4.3,23,157.0,1.357,1.2,us,7.69,6.527,0.138,15
13.527,120.3513,62.176,4.6,41,93.0,8.495,0.49,us,12.28,8.605,0.091,36
7.3283,126.698,69.104,4.5,40,113.0,1.139,0.8,us,8.36,8.148,0.084,41
33.0193,88.3561,10.0,5.0,81,84.0,4.068,0.84,us,4.94,1.786,0.053,112
-10.1601,108.494,10.0,4.9,73,58.0,2.776,0.65,us,6.92,1.852,0.072,61
53.2871,161.6454,10.0,4.7,48,115.0,1.823,1.04,us,6.08,1.881,0.064,73
51.8911,160.372,10.0,4.5,18,160.0,1.548,0.78,us,11.43,1.955,0.15,16
-13.7132,167.0066,58.966,4.7,35,118.0,1.734,0.33,us,13.85,7.014,0.095,34
-58.9814,-25.7406,87.293,4.4,14,234.0,7.565,1.11,us,26.59,19.21,0.143,14
-41.1081,-91.2308,10.0,4.9,35,143.0,15.638,0.69,us,14.64,1.876,0.098,33
-20.5563,-68.8995,94.341,4.4,29,58.0,0.477,0.88,us,5.4,5.379,0.123,19
3.7264,128.5381,60.52,4.5,88,48.0,3.16,0.74,us,6.39,6.994,0.061,81
54.4532,161.4173,45.267,4.0,30,132.0,2.18,0.61,us,9.04,10.006,0.119,20
30.629,140.1616,10.0,4.5,24,100.0,2.496,0.66,us,10.23,1.894,0.145,15
52.1655,160.3738,10.0,4.9,167,134.0,1.358,0.77,us,8.79,1.875,0.045,153
51.2231,158.3175,35.0,4.9,69,124.0,1.815,0.98,us,8.18,1.91,0.045,153
31.8067,48.4667,10.0,4.0,20,225.0,3.864,0.74,us,13.52,2.011,0.138,14
53.3023,160.5235,49.202,4.2,23,179.0,1.162,0.62,us,15.81,11.856,0.132,16
52.3341,160.7572,10.0,5.2,61,78.0,1.457,0.73,us,10.46,1.882,0.068,72
9.5365,93.7405,10.0,4.6,57,94.0,5.331,0.63,us,9.25,1.892,0.083,43
5.7036,61.3767,10.0,4.5,47,54.0,23.4,0.93,us,13.3,1.913,0.089,37
14.9447,147.0388,37.539,4.6,94,102.0,1.238,0.7,us,7.91,6.952,0.061,86
54.5132,-160.2302,35.0,3.9,36,213.0,0.49,1.05,us,5.16,1.935,0.142,13
50.2127,157.3502,45.368,4.6,22,132.0,2.908,1.11,us,11.53,7.894,0.129,25
2.9528,-31.3475,10.0,4.9,46,66.0,19.996,1.02,us,12.86,1.882,0.07,73
52.4269,160.957,10.0,4.4,29,134.0,1.525,0.8,us,11.86,1.919,0.105,26
72.7597,4.1031,10.0,4.4,73,60.0,4.32,0.69,us,8.16,1.907,0.069,60
51.7367,160.0649,25.745,4.2,26,138.0,1.553,0.9,us,10.76,6.744,0.132,16
53.1411,160.224,62.626,4.6,83,117.0,1.522,0.61,us,10.07,7.441,0.06,84
53.3734,159.8422,64.818,4.3,27,137.0,0.798,0.92,us,11.43,7.052,0.1,28
37.7023,144.0108,10.0,4.6,80,134.0,3.838,0.5,us,9.62,1.892,0.07,62
51.5138,159.7014,25.46,4.9,68,128.0,1.644,1.0,us,9.29,5.436,0.057,97
52.3212,160.5594,10.0,4.9,58,104.0,1.359,0.53,us,6.51,1.852,0.058,94
-9.7209,124.4911,10.0,4.4,18,124.0,0.223,1.21,us,4.33,1.93,0.18,9
53.3337,160.7986,35.0,4.1,22,195.0,1.33,0.5,us,9.24,1.962,0.12,19
29.0741,129.6197,10.0,4.5,29,130.0,2.528,0.94,us,7.82,1.907,0.145,14
28.4214,104.816,35.0,4.4,41,89.0,4.483,0.45,us,10.78,1.943,0.096,31
51.4297,159.7233,20.16,4.4,23,138.0,1.727,1.22,us,11.97,6.97,0.144,14
-18.0339,-179.2761,632.66,4.1,23,120.0,2.56,0.68,us,17.58,10.638,0.123,18
53.1434,160.2961,43.05,4.5,82,117.0,1.0,1.07,us,8.5,7.387,0.058,87
41.2718,142.6321,43.073,4.8,66,134.0,0.84,0.55,us,6.23,6.431,0.055,102
41.2096,142.1449,54.88,4.9,62,112.0,0.919,0.63,us,5.69,5.625,0.063,79
41.008,142.7964,41.46,4.2,41,134.0,1.042,0.55,us,7.56,8.283,0.102,27
53.5821,-163.248,35.0,4.6,79,167.0,1.104,0.7,us,3.68,1.899,0.06,82
52.5993,160.9951,21.159,4.4,18,147.0,1.485,1.09,us,13.32,7.155,0.162,11
3.1092,-31.38,10.0,4.6,54,121.0,9.959,0.47,us,12.96,1.893,0.075,53
-56.2489,-24.5863,10.0,4.2,13,130.0,7.08,0.87,us,13.51,1.965,0.147,13
2.5185,128.1702,197.71,4.8,110,86.0,1.912,0.85,us,6.67,6.012,0.058,92
52.7965,160.796,40.813,4.2,21,118.0,1.319,0.82,us,4.84,7.718,0.158,14
49.3278,155.3228,64.897,4.6,74,134.0,4.069,0.6,us,10.09,7.285,0.045,148
51.5493,160.6557,10.0,4.4,35,138.0,1.923,0.62,us,10.4,1.92,0.102,28
53.269,160.6326,35.0,4.4,54,187.0,1.219,0.8,us,13.64,1.972,0.086,39
-0.0886,100.1054,10.0,4.6,38,152.0,2.883,1.0,us,8.43,1.91,0.114,27
37.4074,66.2685,10.0,4.3,29,145.0,2.498,0.69,us,9.75,1.976,0.2,7
7.0685,127.232,10.0,4.0,13,199.0,1.64,0.82,us,9.65,1.978,0.212,6
50.9591,-176.9036,10.0,3.8,26,228.0,0.83,0.31,us,4.13,2.003,0.207,6
29.3411,129.467,10.0,4.7,55,108.0,2.322,0.65,us,7.49,1.879,0.055,100
8.7329,-82.0964,10.0,4.3,18,212.0,1.251,0.72,us,9.36,2.009,0.168,10
-3.0521,126.8497,10.0,4.1,12,128.0,3.833,0.58,us,8.79,1.932,0.165,10
27.2631,53.8535,10.0,4.4,59,71.0,3.129,0.61,us,9.84,1.912,0.074,52
-22.2697,-66.1409,238.209,4.2,48,30.0,2.002,1.15,us,8.44,7.98,0.124,18
31.5598,131.6068,53.962,4.3,20,137.0,0.987,0.78,us,7.4,9.872,0.142,14
50.6681,157.8147,35.0,4.7,60,130.0,2.415,0.87,us,9.13,1.922,0.039,201
50.1042,157.3901,35.0,4.2,69,132.0,3.014,0.62,us,9.4,1.918,0.071,55
52.2617,160.6691,19.962,4.2,27,124.0,1.448,1.37,us,10.15,2.802,0.108,24
51.6158,160.3107,10.0,4.5,31,160.0,1.74,0.96,us,10.13,1.96,0.119,21
33.5787,141.861,10.0,4.3,23,160.0,1.775,0.94,us,8.88,1.946,0.142,14
51.9886,-171.3769,41.754,3.5,40,192.0,1.22,0.91,us,8.22,12.619,0.117,18
29.296,129.2675,10.0,4.4,35,78.0,2.432,0.73,us,6.01,1.602,0.114,22
32.8796,24.4403,10.0,4.5,21,211.0,3.487,0.95,us,7.17,1.961,0.204,7
0.8882,-29.6473,10.0,4.5,16,98.0,9.137,0.87,us,12.55,1.919,0.15,13
-22.5769,-67.6422,176.17,4.2,36,65.0,0.62,0.9,us,6.71,10.492,0.175,9
53.179,160.3616,43.591,4.5,97,137.0,1.044,0.59,us,10.44,7.261,0.061,79
52.8466,161.1368,22.918,4.8,38,110.0,7.863,0.61,us,14.01,5.804,0.105,28
-10.6787,110.1796,10.0,4.2,27,102.0,3.615,0.72,us,8.41,1.907,0.132,18
52.1855,160.4443,23.316,4.4,32,123.0,1.911,1.13,us,11.08,6.16,0.112,27
51.4041,159.4794,35.0,4.4,20,178.0,1.7,1.12,us,6.07,1.972,0.155,12
-24.6314,-70.1341,56.42,4.1,17,131.0,0.723,0.62,us,3.77,7.795,0.198,7
-18.4243,-173.7855,49.919,4.2,17,119.0,3.713,0.39,us,12.39,12.344,0.132,16
1.0681,100.1885,199.351,4.3,51,66.0,2.051,0.73,us,10.28,7.244,0.086,38
13.8229,-90.9285,69.462,4.5,90,107.0,0.819,0.64,us,7.9,6.789,0.047,134
-6.2975,130.4813,125.809,4.6,44,69.0,3.79,0.67,us,10.11,8.041,0.09,37
52.0443,159.5168,70.899,4.2,13,244.0,1.114,0.4,us,11.99,9.324,0.235,7
50.6982,159.5,10.0,5.1,48,112.0,2.387,1.19,us,9.43,1.878,0.051,124
-22.2504,-68.6311,113.427,4.3,22,54.0,0.725,0.68,us,5.39,5.492,0.129,21
51.4709,159.8052,10.0,4.3,34,126.0,1.709,0.87,us,8.43,1.899,0.114,22
51.3799,159.7982,10.0,4.3,23,129.0,1.791,0.61,us,8.5,1.787,0.148,13
6.2483,126.4764,83.347,4.6,70,105.0,1.208,0.73,us,7.84,5.844,0.056,96
19.3068,-109.146,10.0,4.0,39,193.0,1.763,1.34,us,10.86,1.98,0.101,26
42.3739,-126.7325,10.0,4.3,107,159.0,1.768,0.8,us,7.41,1.932,0.07,58
28.1494,142.832,10.0,4.5,53,134.0,1.197,0.53,us,8.56,1.896,0.085,43
51.8921,161.1957,10.0,4.4,42,127.0,1.926,0.74,us,10.58,1.909,0.098,30
49.0998,156.215,44.781,4.5,57,136.0,4.121,0.66,us,12.07,7.55,0.083,42
-17.4331,167.6873,10.0,4.9,34,152.0,4.469,0.58,us,11.9,1.92,0.104,29
30.7244,140.0531,10.0,4.7,85,99.0,2.392,0.97,us,8.81,1.836,0.066,69
34.6195,24.1625,59.814,4.4,30,210.0,2.627,0.67,us,10.95,10.224,0.092,34
-6.5797,104.4407,54.834,4.5,37,170.0,1.76,0.8,us,9.57,8.82,0.092,35
-58.7722,-25.3301,33.942,5.1,66,69.0,15.843,1.02,us,10.87,5.665,0.068,69
52.6761,160.5156,10.0,4.3,35,174.0,1.184,1.07,us,11.01,1.959,0.104,26
51.4621,159.7297,26.352,4.5,36,126.0,1.699,0.85,us,9.93,5.941,0.106,26
-6.2374,151.739,10.0,4.6,28,83.0,5.521,0.59,us,6.77,1.732,0.119,21
-24.2567,-66.9839,161.926,4.8,63,38.0,2.536,1.0,us,7.19,7.007,0.032,294
-17.4863,-179.0531,550.909,4.2,84,92.0,1.812,0.75,us,14.41,7.773,0.062,77
-14.6367,-71.7839,124.435,4.3,13,147.0,3.677,0.32,us,12.23,12.734,0.177,9
4.6501,92.2411,10.0,4.5,34,154.0,4.724,0.96,us,10.76,1.922,0.11,24
53.0009,160.6658,35.0,4.6,27,118.0,1.218,0.93,us,10.13,1.919,0.107,26
7.6856,-82.2567,10.0,4.6,41,248.0,2.676,0.79,us,9.75,2.004,0.046,141
-5.6947,146.1066,81.099,4.3,28,87.0,3.831,0.64,us,9.12,2.208,0.137,15
52.5145,160.8117,8.71,4.6,120,116.0,1.409,0.61,us,5.67,4.678,0.043,164
52.4946,160.8156,10.0,4.2,28,206.0,1.419,0.63,us,10.8,1.992,0.115,21
-9.4878,110.4116,10.0,4.0,18,93.0,2.423,0.96,us,4.84,1.946,0.197,7
-7.914,108.1714,80.713,4.6,43,82.0,0.684,0.67,us,6.72,5.156,0.094,34
-7.6992,127.6248,129.042,4.3,19,75.0,3.897,0.51,us,11.14,9.353,0.125,18
54.5532,-160.1187,35.0,4.0,58,162.0,0.415,0.8,us,2.56,1.93,0.108,25
54.5463,-159.9467,28.692,3.8,62,166.0,0.353,0.76,us,5.59,3.722,0.179,8
7.4752,126.9216,10.344,4.6,82,73.0,1.391,0.86,us,7.77,4.421,0.057,93
-21.3015,-66.6905,227.673,4.7,34,55.0,2.145,0.86,us,8.76,8.289,0.104,28
37.3133,69.7399,17.654,4.5,42,75.0,1.418,0.66,us,5.15,3.526,0.113,23
53.652,160.237,39.607,4.4,25,113.0,1.141,1.13,us,8.63,4.714,0.13,17
52.3708,160.5584,10.0,4.7,70,164.0,1.333,0.87,us,10.25,1.936,0.06,85
-19.5346,168.3765,10.0,4.7,29,67.0,3.105,1.11,us,6.72,1.918,0.121,21
52.0771,160.3171,10.0,4.3,19,124.0,1.391,1.26,us,9.81,1.914,0.153,13
52.5336,160.5765,29.249,4.6,90,134.0,1.269,0.68,us,11.68,5.935,0.062,77
-59.2055,-17.2326,10.0,4.7,27,188.0,11.645,0.73,us,15.36,1.986,0.113,24
-3.623,68.4902,10.0,4.6,45,141.0,5.451,0.8,us,14.91,1.903,0.088,38
43.6191,147.136,40.859,5.0,128,85.0,3.323,1.04,us,8.45,5.418,0.023,605
52.1651,160.6967,10.0,4.3,21,121.0,2.057,1.31,us,6.79,1.866,0.137,17
-2.0229,139.1473,10.0,4.5,39,77.0,1.144,0.56,us,4.64,1.834,0.107,26
53.4429,160.7084,47.29,4.3,24,161.0,1.307,1.03,us,14.06,8.53,0.129,17
-16.0559,168.0852,262.614,4.1,21,148.0,1.043,0.72,us,14.32,11.443,0.135,15
-48.8913,-8.8268,10.0,4.6,21,101.0,23.021,0.84,us,14.31,1.939,0.117,22
51.2059,158.6169,41.411,4.2,37,128.0,1.82,0.87,us,11.1,8.594,0.096,30
51.9095,161.5172,10.0,4.3,22,227.0,2.079,0.87,us,10.05,1.936,0.161,11
-6.0187,127.7589,394.419,4.4,49,23.0,5.074,0.67,us,8.9,10.0,0.115,23
52.2464,160.6859,37.754,4.0,17,161.0,1.465,1.0,us,12.65,8.828,0.164,12
53.0959,161.4165,10.0,4.5,34,117.0,1.671,1.1,us,10.89,1.905,0.093,34
36.8602,72.8741,10.0,5.0,59,98.0,1.483,0.72,us,6.67,1.756,0.048,145
-2.0568,138.9706,35.0,4.2,26,78.0,0.965,0.67,us,5.49,1.918,0.121,19
53.0053,160.5836,35.0,4.1,17,118.0,1.168,0.74,us,6.48,1.95,0.145,13
51.6577,159.4811,44.85,4.4,32,138.0,1.46,0.83,us,12.65,8.012,0.098,30
-4.2865,102.4076,69.631,4.4,33,168.0,0.551,0.53,us,10.25,6.158,0.117,24
52.82,161.0889,37.253,4.5,45,156.0,1.491,1.17,us,12.71,9.593,0.082,44
36.3495,75.9757,10.0,4.3,24,210.0,3.403,1.26,us,11.58,1.98,0.129,17
50.7997,158.8166,26.649,4.2,27,217.0,2.23,0.68,us,8.0,8.298,0.141,14
52.4486,160.7711,29.521,4.0,20,176.0,1.412,0.78,us,13.51,8.352,0.118,19
-1.8981,-77.8274,156.913,4.2,62,114.0,0.448,0.53,us,10.37,7.417,0.073,52
52.7127,160.8119,10.0,4.1,17,251.0,1.347,0.89,us,7.55,1.997,0.151,12
3.0847,-31.4127,10.0,4.6,22,86.0,20.227,0.74,us,13.45,1.898,0.128,21
9.2343,93.9758,10.0,4.3,17,187.0,5.595,0.23,us,12.44,1.949,0.168,10
-19.0127,169.8267,250.631,4.1,23,161.0,4.217,0.75,us,12.09,10.216,0.12,19
-33.4808,-70.0832,113.693,4.1,23,128.0,0.086,0.3,us,5.9,5.084,0.3,3
52.6226,160.6475,24.27,4.6,33,123.0,1.277,0.53,us,9.07,5.87,0.111,24
-24.2455,-67.0137,217.234,4.1,23,100.0,1.673,0.5,us,10.78,16.008,0.213,6
50.9031,157.4111,44.347,4.3,31,129.0,2.216,0.62,us,7.32,8.429,0.108,24
52.7173,160.8827,39.617,4.2,47,163.0,1.388,0.59,us,13.14,8.857,0.081,43
51.9466,159.7344,45.632,4.1,33,163.0,1.266,0.48,us,9.28,8.52,0.107,24
85.2524,96.4465,10.0,4.3,40,75.0,11.217,0.5,us,10.68,1.927,0.097,30
39.6252,143.3878,10.0,4.2,34,132.0,2.125,0.85,us,4.84,1.877,0.115,21
-6.682,132.4613,10.0,4.5,16,127.0,3.328,1.02,us,9.55,1.335,0.145,14
27.4107,54.8309,10.0,4.3,52,104.0,2.748,0.78,us,6.47,1.881,0.086,38
-17.4241,167.8977,35.0,4.4,13,105.0,2.076,0.78,us,6.22,1.931,0.22,7
-8.9619,-108.8322,10.0,4.9,60,132.0,19.691,0.9,us,8.72,1.897,0.06,87
52.0635,160.5052,10.0,4.4,39,178.0,2.007,1.15,us,10.02,1.955,0.087,38
7.7672,126.876,82.736,4.8,101,106.0,1.461,1.12,us,9.59,3.326,0.059,90
0.9388,126.2358,35.0,4.6,49,66.0,1.143,0.52,us,3.55,1.653,0.099,30
51.9185,159.9547,47.801,4.4,26,167.0,1.364,1.05,us,10.03,4.272,0.135,16
-16.0544,-71.3476,157.298,4.2,12,264.0,2.351,0.62,us,10.89,12.465,0.159,11
53.0445,161.7109,10.0,5.0,142,102.0,1.849,0.83,us,8.19,1.827,0.026,464
41.0271,143.0895,44.935,4.8,72,134.0,0.988,0.89,us,6.45,7.13,0.059,89
-47.8636,116.0066,10.0,4.5,23,93.0,14.948,0.67,us,14.62,1.904,0.135,16
-1.7416,139.1889,22.712,4.4,31,41.0,1.28,1.07,us,6.89,5.082,0.134,16
-17.4718,-172.2452,10.0,5.0,34,75.0,2.72,1.23,us,10.05,1.868,0.056,104
-6.433,130.4255,114.31,4.1,8,125.0,3.935,0.46,us,14.4,12.734,0.301,3
52.8221,160.7552,10.0,4.6,100,119.0,1.29,0.68,us,8.59,1.883,0.057,91
37.5486,142.2691,35.0,4.4,50,127.0,3.4,1.24,us,9.28,1.911,0.091,35
50.1062,159.6717,10.0,4.6,76,128.0,2.99,0.6,us,9.33,1.898,0.043,161
53.6533,160.0321,65.865,4.3,41,159.0,1.042,0.62,us,11.46,7.472,0.096,31
-15.0574,-178.5268,420.677,4.4,17,144.0,2.468,0.69,us,11.66,9.057,0.139,15
53.4327,161.8518,31.27,4.1,30,115.0,1.968,1.15,us,7.38,5.874,0.105,25
4.9696,95.9887,10.0,4.6,20,131.0,0.989,0.88,us,7.46,1.899,0.182,9
51.5668,159.5697,35.0,4.8,90,127.0,1.564,0.93,us,4.9,1.89,0.053,111
53.582,161.5442,35.0,4.4,31,137.0,1.825,0.66,us,12.22,1.945,0.123,21
-6.1334,154.5809,416.609,4.6,57,102.0,3.085,0.81,us,12.8,7.883,0.053,107
52.8095,160.5549,35.0,5.2,112,42.0,1.173,0.78,us,9.14,1.831,0.023,599
49.7307,155.9237,68.412,4.3,44,135.0,3.56,0.68,us,12.09,7.892,0.074,51
-1.1938,99.9771,75.629,4.6,25,132.0,3.453,0.8,us,9.51,7.5,0.193,13
51.8605,161.6829,10.0,4.1,22,167.0,2.191,0.45,us,6.91,1.976,0.157,11
50.3522,159.1485,10.0,4.9,178,134.0,2.693,0.74,us,8.43,1.884,0.044,160
-6.543,129.9535,145.145,4.4,23,81.0,2.008,0.9,us,9.65,4.674,0.138,15
-55.7298,-27.1808,79.904,5.1,33,57.0,5.549,0.7,us,12.79,2.074,0.138,17
52.431,160.8827,10.0,5.1,58,144.0,1.482,0.88,us,7.29,1.912,0.033,298
-1.732,-81.1699,10.0,4.8,75,143.0,1.675,0.96,us,8.15,1.891,0.07,63
30.8997,136.0842,10.0,4.2,25,69.0,3.386,0.45,us,8.01,1.917,0.16,11
36.4796,68.9753,65.454,4.4,44,166.0,2.178,0.62,us,10.54,9.558,0.088,37
6.8587,127.0432,56.7,4.5,57,109.0,1.468,1.07,us,9.77,7.494,0.077,49
51.6074,158.6189,35.0,4.6,25,208.0,1.418,0.82,us,11.29,1.976,0.107,26
-28.4328,-176.7597,35.0,4.9,28,69.0,1.307,0.87,us,8.56,1.686,0.11,26
13.4673,-92.4823,10.0,4.2,39,189.0,1.409,0.6,us,8.66,1.971,0.11,23
-6.9291,124.9926,546.063,4.4,36,55.0,2.898,0.94,us,12.17,8.429,0.13,18
-0.337,99.2406,69.648,4.1,21,73.0,2.33,0.87,us,8.63,6.983,0.139,14
-10.5475,91.5157,10.0,4.6,21,129.0,5.465,0.78,us,12.55,1.927,0.172,10
51.0181,158.8,35.0,5.0,129,106.0,2.01,0.56,us,9.85,1.856,0.031,333
53.0772,160.1087,48.264,4.2,20,117.0,0.882,0.78,us,11.55,7.986,0.118,20
34.9571,97.3443,10.0,4.3,41,138.0,5.279,0.66,us,11.96,1.898,0.085,39
51.8363,160.0254,27.55,4.9,212,88.0,1.91,1.1,us,7.09,4.697,0.04,197
41.3728,144.3514,24.496,4.0,31,146.0,1.101,0.66,us,8.75,6.949,0.138,14
51.6119,160.1743,10.0,4.0,17,154.0,1.695,0.66,us,8.06,1.852,0.164,10
50.5117,-173.3151,10.0,3.8,76,198.0,1.78,0.46,us,6.54,1.959,0.104,24
14.3234,-92.6674,35.0,4.6,81,139.0,0.893,0.72,us,6.14,1.943,0.038,205
11.937,140.5547,44.764,4.6,127,36.0,4.517,0.6,us,8.31,6.822,0.052,117
52.0852,160.5072,10.0,4.6,84,64.0,1.473,0.72,us,8.35,1.864,0.064,73
52.2549,160.8089,10.0,4.4,25,117.0,1.524,0.49,us,5.51,1.866,0.112,23
51.8805,161.7876,10.0,4.2,48,135.0,2.235,0.41,us,5.39,1.919,0.089,35
-11.3827,-74.1875,101.453,4.3,26,96.0,2.669,0.7,us,7.1,9.037,0.147,13
51.9752,160.3161,10.0,4.4,37,125.0,1.463,0.96,us,9.46,1.904,0.105,26
51.4261,159.6962,10.0,5.0,66,121.0,1.724,0.88,us,8.22,1.869,0.049,135
1.5784,66.8078,10.0,5.0,55,65.0,6.279,0.63,us,10.68,1.848,0.097,38
53.037,-161.8862,10.0,4.2,41,173.0,1.951,0.64,us,6.41,1.951,0.1,28
2.8455,-31.3401,10.0,4.3,30,79.0,9.745,0.85,us,10.9,1.8,0.109,24
-59.7954,-61.7163,10.0,4.6,17,122.0,5.114,1.35,us,7.49,1.914,0.146,14
28.2571,52.2639,10.0,3.9,7,101.0,4.829,0.73,us,9.89,1.979,0.296,4
14.1221,145.3268,108.641,4.1,20,160.0,0.692,0.85,us,11.73,8.024,0.139,14
49.7629,159.5459,10.0,4.3,21,138.0,3.313,0.51,us,12.32,1.926,0.153,12
7.5868,-36.6151,10.0,4.4,12,117.0,13.344,0.54,us,15.3,1.951,0.179,9
15.5435,145.8247,122.582,4.2,21,102.0,0.303,0.61,us,14.08,5.691,0.159,11
50.6123,157.1581,51.563,4.4,91,98.0,2.522,0.74,us,9.79,6.88,0.06,81
-6.2417,130.006,159.763,4.3,24,117.0,1.711,0.6,us,10.6,8.204,0.129,17
30.0712,69.8249,10.0,4.4,28,200.0,8.51,0.68,us,14.33,1.947,0.114,22
37.2812,20.2044,46.918,4.2,33,91.0,1.377,0.7,us,6.76,10.237,0.136,15
-4.1792,128.6891,9.651,4.6,54,75.0,1.259,0.52,us,7.27,4.259,0.087,40
24.7847,121.6803,55.785,4.1,24,58.0,0.251,1.04,us,4.21,4.8,0.174,9
-23.3999,-67.1219,213.09,4.1,21,90.0,1.07,1.22,us,10.1,5.405,0.145,13
43.2155,146.4408,61.011,4.5,55,185.0,2.704,0.64,us,10.32,6.583,0.081,44
48.8612,156.301,10.0,5.6,114,54.0,4.343,0.94,us,8.11,1.755,0.021,769
51.9896,-178.5877,168.359,3.8,63,103.0,0.209,0.59,us,6.41,4.634,0.074,48
-0.0171,-17.3605,10.0,4.5,8,118.0,8.413,0.33,us,14.17,1.95,0.312,3
52.2135,161.644,10.0,4.8,81,126.0,1.997,0.61,us,10.2,1.852,0.042,175
51.0961,159.8226,10.0,4.2,23,133.0,2.061,0.93,us,8.35,1.85,0.152,15
52.7353,160.6301,35.0,4.3,38,174.0,1.234,0.98,us,6.71,1.951,0.093,33
50.6519,157.2101,35.0,4.2,10,130.0,2.479,1.06,us,8.5,1.924,0.176,9
-59.6091,-26.2882,104.606,5.1,79,68.0,7.714,0.54,us,11.44,7.09,0.057,100
19.0323,145.9364,145.324,4.3,22,114.0,3.773,1.02,us,15.52,1.401,0.126,18
53.255,159.8222,66.188,4.4,94,121.0,0.743,0.64,us,9.48,6.328,0.055,95
30.6025,141.6522,10.0,4.4,26,123.0,2.953,0.59,us,9.16,1.891,0.149,13
-23.3297,178.8291,553.818,5.1,42,81.0,5.604,0.65,us,15.36,7.2,0.098,39
52.7596,160.965,10.0,5.5,119,92.0,1.427,0.69,us,9.02,1.783,0.039,225
52.4048,160.6361,11.326,4.5,44,117.0,1.358,0.86,us,9.76,5.048,0.053,103
-10.3764,161.3898,65.873,4.2,24,113.0,1.699,0.61,us,5.49,7.916,0.118,21
-55.7247,-26.3445,10.0,5.0,41,91.0,6.013,0.56,us,11.65,1.79,0.089,41
60.5446,-139.8936,5.0,4.4,68,49.0,0.484,1.15,us,1.96,1.884,0.109,24
-17.7163,-178.6567,580.268,4.3,51,118.0,2.253,0.72,us,12.71,7.798,0.068,60
-24.2027,-179.7977,508.257,4.5,51,117.0,6.732,0.72,us,13.07,7.89,0.087,39
49.5805,155.2961,92.286,4.4,48,135.0,3.84,0.63,us,10.47,5.428,0.089,36
51.7892,160.1862,39.581,4.3,62,162.0,1.554,0.88,us,10.68,7.456,0.076,48
-31.6817,-69.3335,121.016,4.7,52,41.0,0.582,0.81,us,5.1,5.376,0.047,137
53.1244,161.5648,24.129,4.6,92,104.0,1.761,0.84,us,8.71,5.149,0.063,75
49.9488,155.7143,82.536,4.5,80,124.0,3.398,0.42,us,10.17,7.5,0.057,91
-6.2956,145.7287,133.674,4.4,46,118.0,3.399,0.69,us,9.01,7.648,0.095,32
60.5231,-140.0265,7.439,4.6,67,56.0,0.443,0.85,us,3.61,4.774,0.11,26
51.3451,158.9883,35.0,4.5,45,121.0,1.694,0.96,us,8.45,1.926,0.06,81
15.8388,-96.2319,33.717,4.7,57,149.0,2.818,0.9,us,9.06,5.658,0.028,373
50.6538,158.1272,28.102,4.6,61,126.0,2.395,1.15,us,7.36,5.526,0.036,237
