latitude,longitude,depth,mag,nst,gap,dmin,rms,net,horizontalError,depthError,magError,magNst
50.3387,158.0856,12.187,5.2,187,97.0,2.711,0.6,us,9.47,3.722,0.044,166
5.2363,125.3653,30.268,5.0,67,48.0,0.513,0.83,us,6.4,4.43,0.046,150
-1.3244,101.6844,223.538,4.2,41,145.0,3.272,0.62,us,8.28,8.532,0.089,35
47.3687,152.5664,117.466,4.2,34,132.0,6.62,0.92,us,14.19,10.356,0.108,24
51.9416,161.6932,10.0,4.1,35,126.0,2.153,0.58,us,11.23,1.917,0.102,28
-24.7514,-176.3688,35.0,4.7,22,131.0,4.687,0.7,us,8.01,1.931,0.108,26
44.605,149.1421,35.0,4.6,73,143.0,4.721,0.66,us,11.54,1.925,0.072,57
1.8647,128.5913,10.0,4.5,36,84.0,1.636,0.78,us,9.02,1.884,0.088,44
-23.207,-67.8723,135.65,4.5,41,83.0,0.38,0.9,us,9.22,4.477,0.053,103
35.9999,140.0476,82.345,4.2,27,148.0,1.581,0.94,us,7.88,8.8,0.137,15
-57.9903,157.741,10.0,4.5,16,99.0,3.564,0.89,us,13.09,1.924,0.125,19
-6.2956,145.7287,133.674,4.4,46,118.0,3.399,0.69,us,9.01,7.648,0.095,32
12.9136,121.1533,122.525,4.4,55,108.0,7.26,0.69,us,9.23,7.42,0.084,40
-6.4137,131.4916,23.241,4.8,20,96.0,3.552,0.95,us,8.49,6.433,0.144,15
51.7686,159.5178,10.0,4.6,36,122.0,1.365,1.33,us,6.5,1.9,0.125,29
-2.2171,100.373,60.533,4.5,35,176.0,3.344,0.67,us,15.13,9.651,0.096,32
63.6746,-23.2381,10.0,4.3,55,100.0,1.363,0.79,us,8.72,1.927,0.071,56
-9.402,110.3623,35.0,4.1,12,76.0,2.339,1.02,us,8.48,1.956,0.198,7
9.4621,94.0031,10.0,4.3,28,181.0,5.12,0.33,us,7.78,1.925,0.119,20
12.1615,-88.2506,35.0,4.4,32,169.0,1.301,0.92,us,8.25,1.969,0.117,21
17.0924,-94.8289,130.741,4.8,52,113.0,0.69,1.05,us,5.17,6.777,0.044,159
14.5065,-94.2808,10.0,4.0,25,131.0,2.07,0.82,us,7.39,1.994,0.164,10
34.4855,139.4665,10.0,4.4,25,130.0,1.397,0.72,us,4.43,1.899,0.162,11
45.178,150.1279,63.248,4.4,66,134.0,5.427,0.65,us,10.52,7.586,0.081,44
50.8049,158.7836,10.0,5.7,45,131.0,2.223,0.7,us,7.17,1.638,0.113,28
-7.0885,155.8877,133.175,4.5,47,98.0,4.647,0.93,us,9.86,7.643,0.085,41
-23.4533,-179.9944,536.206,4.5,38,122.0,5.966,0.84,us,13.89,8.151,0.098,31
-5.1529,147.9095,10.0,4.4,32,67.0,3.136,0.66,us,5.65,1.608,0.115,22
54.4854,-159.8134,35.544,3.8,42,170.0,0.37,0.5,us,3.12,15.771,0.208,6
-19.5757,-68.9497,122.804,4.5,27,63.0,0.248,0.97,us,3.94,4.324,0.14,15
43.3059,145.2408,51.87,4.3,34,188.0,2.007,0.29,us,11.14,9.166,0.104,26
52.1351,160.371,10.0,4.1,22,138.0,1.376,1.39,us,12.27,1.933,0.14,14
-3.9693,-80.8004,40.959,4.7,64,108.0,2.145,1.1,us,7.06,7.081,0.045,147
-27.416,-177.087,74.662,4.4,22,141.0,1.967,1.12,us,12.57,6.86,0.11,24
-7.0125,155.7932,111.864,4.6,111,91.0,4.766,0.57,us,5.51,6.808,0.05,118
-29.6146,-176.6915,10.0,4.6,12,133.0,8.955,0.85,us,13.4,1.902,0.193,8
52.9016,160.8517,10.0,5.0,109,101.0,1.337,0.9,us,8.09,1.827,0.023,605
5.1687,126.6937,9.873,4.4,32,62.0,1.285,1.22,us,6.37,4.3,0.102,30
-40.6351,176.1337,22.908,4.0,21,89.0,0.096,0.91,us,3.23,6.671,0.258,4
52.7411,160.8139,35.0,4.1,31,151.0,1.341,0.59,us,10.43,1.701,0.097,29
15.1323,-94.5367,33.637,4.0,35,172.0,1.642,0.95,us,7.09,10.808,0.134,15
50.0968,159.704,10.0,4.3,23,225.0,3.004,1.05,us,11.56,1.972,0.138,15
51.0253,159.5001,10.0,4.3,14,229.0,2.069,0.42,us,9.82,1.975,0.188,10
-5.8576,128.3634,355.026,4.3,22,57.0,2.028,0.53,us,10.24,8.929,0.125,18
-32.6793,-178.4099,10.0,4.5,13,171.0,3.432,0.6,us,12.4,1.788,0.171,10
-5.4812,152.5427,10.0,4.1,20,155.0,1.336,0.78,us,8.98,1.832,0.134,15
41.0658,83.2521,10.0,4.5,40,107.0,3.051,0.61,us,9.13,1.905,0.127,18
1.9913,126.4277,54.045,5.1,85,55.0,2.883,0.72,us,7.39,7.049,0.054,111
19.8324,-71.0005,18.13,4.2,29,106.0,0.38,0.49,us,2.72,5.9,0.167,10
-23.3228,-67.9044,156.468,4.3,40,88.0,0.447,0.67,us,5.82,4.997,0.097,30
51.9924,159.7692,35.0,4.5,34,146.0,1.239,0.8,us,9.46,1.888,0.108,25
-27.5263,-176.2467,10.0,4.7,35,61.0,11.064,0.71,us,11.78,1.839,0.095,34
3.9623,97.3735,9.98,4.2,25,195.0,1.328,0.59,us,9.18,5.458,0.142,16
13.8894,144.6662,10.0,4.1,9,118.0,0.357,0.3,us,3.3,1.958,0.262,4
-21.4584,-66.6489,237.347,4.4,24,122.0,2.054,1.1,us,8.97,10.667,0.13,17
9.9265,-70.8178,10.0,4.6,42,74.0,1.051,1.08,us,7.11,1.828,0.089,37
-40.6224,173.7016,124.27,4.3,39,63.0,0.642,0.69,us,4.76,6.287,0.16,11
52.6761,160.5156,10.0,4.3,35,174.0,1.184,1.07,us,11.01,1.959,0.104,26
53.304,161.252,10.0,4.9,98,188.0,1.592,0.53,us,10.11,1.891,0.055,104
30.9563,99.0742,10.0,4.4,57,81.0,6.981,0.36,us,5.85,1.871,0.084,41
50.9922,157.1274,60.58,4.3,38,134.0,2.149,0.57,us,11.53,8.078,0.096,31
-5.339,133.9041,10.0,5.1,71,38.0,2.635,0.65,us,8.3,1.778,0.065,77
53.0303,-167.5445,81.712,3.7,16,209.0,0.44,1.17,us,8.04,14.265,0.134,14
54.5463,-159.9467,28.692,3.8,62,166.0,0.353,0.76,us,5.59,3.722,0.179,8
52.6618,159.9063,39.226,4.3,32,120.0,0.844,0.76,us,10.89,8.515,0.099,29
28.0958,103.5573,10.0,4.3,24,162.0,7.838,0.59,us,12.88,1.942,0.137,15
25.6052,124.7524,139.109,4.3,41,85.0,1.308,0.44,us,8.21,8.038,0.101,28
51.3015,161.2126,10.0,4.1,44,167.0,2.338,0.84,us,12.22,1.962,0.097,29
16.5982,41.1068,10.0,4.3,46,124.0,3.754,1.07,us,9.17,1.902,0.08,45
12.2494,143.6067,35.0,4.4,22,85.0,1.813,0.48,us,11.06,1.954,0.154,12
-28.0423,-66.8839,172.204,4.2,22,159.0,3.152,0.6,us,8.67,10.772,0.2,7
7.2614,126.9935,77.33,4.9,51,115.0,1.416,0.78,us,9.66,7.455,0.08,49
50.9898,158.4075,35.0,4.9,137,98.0,2.042,0.65,us,8.14,1.886,0.048,136
52.8384,160.9578,27.95,5.3,99,132.0,1.409,0.88,us,11.45,5.834,0.032,322
7.147,126.8402,64.234,5.0,89,77.0,1.254,0.8,us,7.96,4.986,0.047,142
-9.0215,117.0613,10.0,4.2,12,102.0,0.732,0.39,us,6.48,1.932,0.216,7
-55.0686,-128.6729,10.0,4.8,23,77.0,32.354,0.48,us,15.21,1.854,0.127,19
-17.5975,-69.6577,159.302,4.0,16,188.0,0.17,0.74,us,9.24,3.68,0.197,7
5.1744,123.7663,10.0,4.4,24,68.0,1.762,0.81,us,6.63,1.893,0.138,15
12.8502,125.6189,10.0,4.4,38,94.0,5.744,0.62,us,10.57,1.894,0.1,29
33.8177,141.5992,10.0,4.5,27,137.0,1.649,0.38,us,7.94,1.904,0.131,17
45.7316,153.756,10.0,4.1,33,138.0,7.708,0.77,us,10.64,1.882,0.12,21
51.5401,161.1661,10.0,4.3,31,129.0,2.144,0.55,us,10.39,1.926,0.107,25
-2.8637,147.6772,10.0,4.3,17,77.0,0.872,0.42,us,8.44,1.922,0.177,9
-7.1704,129.5056,10.0,4.4,21,95.0,5.03,1.01,us,7.27,1.938,0.19,8
52.4359,159.9524,74.601,4.6,37,165.0,1.526,1.18,us,6.84,8.095,0.103,28
-36.9195,-74.1943,10.0,4.0,26,212.0,2.521,0.37,us,5.16,1.988,0.366,2
44.4939,147.3328,78.971,4.4,24,154.0,3.423,1.13,us,14.32,10.146,0.13,17
11.0653,-69.1312,10.0,4.2,12,212.0,1.666,1.42,us,8.79,1.982,0.2,7
33.0832,90.0677,10.0,4.5,45,131.0,3.489,1.14,us,10.37,1.89,0.065,70
34.461,62.0597,10.0,4.1,24,117.0,7.081,0.88,us,10.02,1.961,0.126,17
52.0654,-169.3422,13.442,4.8,227,122.0,0.759,0.64,us,5.01,4.061,0.035,257
-19.7726,-177.4102,360.864,4.4,51,122.0,4.485,1.01,us,9.49,6.105,0.093,33
-16.4482,167.2572,10.0,4.2,14,258.0,4.959,0.93,us,15.79,2.008,0.186,8
-19.7029,-177.3837,375.794,4.0,44,93.0,7.065,1.11,us,7.54,8.915,0.086,36
52.3921,160.8318,10.0,4.1,37,151.0,1.47,0.92,us,8.48,1.817,0.107,24
52.1947,160.4111,10.0,4.3,41,152.0,1.357,0.88,us,9.81,1.932,0.097,30
12.0158,143.2005,30.97,4.9,49,92.0,4.071,0.44,us,11.9,5.68,0.088,41
-22.5156,-175.1089,10.0,5.0,49,141.0,17.054,0.44,us,13.71,1.466,0.1,32
-18.0579,-177.9631,628.268,4.0,38,74.0,2.993,0.41,us,18.44,7.194,0.123,18
-12.5795,167.6399,10.0,4.8,24,129.0,2.882,0.7,us,12.92,1.934,0.124,20
-17.063,-174.7695,177.133,4.3,16,134.0,4.258,0.86,us,14.8,13.732,0.169,10
-17.8736,-178.5413,589.992,4.2,61,80.0,2.432,0.82,us,13.14,8.618,0.049,117
-22.119,-68.7234,117.133,4.3,30,48.0,0.578,0.59,us,4.89,4.122,0.125,18
-21.2138,-178.8106,583.314,4.4,86,58.0,4.545,0.85,us,12.81,6.656,0.055,96
20.6086,121.1892,34.688,4.4,37,112.0,2.729,0.71,us,9.96,7.261,0.11,27
-61.0958,-36.1709,10.0,4.4,22,92.0,6.834,0.43,us,9.03,1.809,0.135,16
37.8687,144.0451,10.0,4.6,72,126.0,3.721,0.68,us,8.56,1.896,0.081,45
53.1223,159.6289,64.147,4.2,29,137.0,0.599,0.58,us,12.63,7.788,0.128,17
-38.6796,-74.9114,10.0,4.5,29,148.0,1.663,0.73,us,9.64,1.921,0.139,15
27.4185,52.3957,10.0,4.1,59,83.0,4.216,0.64,us,7.83,1.843,0.078,45
-55.3723,-28.0188,10.0,4.3,13,114.0,5.017,0.48,us,15.55,1.922,0.188,8
29.2054,128.9807,10.0,4.9,44,84.0,2.442,0.95,us,7.35,1.864,0.059,89
-24.4566,-179.4699,478.47,4.6,18,144.0,7.067,0.47,us,12.06,12.502,0.105,27
-2.8837,129.3479,19.031,4.6,41,41.0,2.771,0.87,us,6.07,4.652,0.092,35
-5.2626,145.874,117.586,4.4,28,106.0,3.527,0.64,us,7.32,8.761,0.105,26
-56.2489,-24.5863,10.0,4.2,13,130.0,7.08,0.87,us,13.51,1.965,0.147,13
1.6383,99.5231,167.031,4.2,24,122.0,1.207,0.58,us,9.58,7.856,0.132,16
21.5954,121.8629,10.0,4.4,60,91.0,1.416,0.57,us,7.2,1.904,0.08,53
51.3358,159.2549,35.0,4.3,16,230.0,1.731,0.68,us,12.29,1.987,0.188,8
0.8435,126.7572,71.965,4.2,14,126.0,0.613,0.89,us,10.64,9.554,0.186,8
50.2101,159.6414,10.0,4.5,62,127.0,2.884,0.58,us,10.1,1.902,0.057,91
20.9359,121.0281,10.0,4.9,74,89.0,1.873,0.55,us,8.66,1.891,0.052,118
42.2717,144.5511,35.46,4.8,80,133.0,1.068,1.03,us,7.51,7.204,0.029,365
69.734,-15.8382,10.0,4.5,37,58.0,2.223,0.89,us,7.84,1.734,0.1,29
52.5285,160.6027,10.0,4.5,34,175.0,1.286,1.22,us,10.93,1.952,0.102,28
-3.7735,139.3546,54.602,4.6,57,48.0,0.515,0.85,us,5.54,6.778,0.071,59
51.2507,158.9781,35.0,4.4,39,128.0,1.787,0.9,us,9.97,1.929,0.086,44
-22.586,69.2985,10.0,5.0,134,52.0,6.207,0.61,us,10.12,1.776,0.054,108
52.2122,160.634,16.666,4.5,75,150.0,1.457,0.81,us,9.44,5.513,0.071,58
51.1998,157.4633,83.88,4.6,78,134.0,1.917,0.69,us,10.17,7.077,0.034,262
6.5568,126.4848,77.178,4.4,33,116.0,1.034,0.61,us,7.05,9.087,0.117,21
53.0152,161.7833,10.0,4.7,148,114.0,1.893,0.57,us,10.42,1.882,0.044,155
-12.4679,167.1554,241.604,4.6,51,90.0,2.962,0.49,us,11.45,5.613,0.084,42
6.9583,-73.1465,149.925,4.1,31,156.0,2.403,0.86,us,9.76,11.607,0.114,21
-17.8225,-179.1344,560.052,4.1,57,136.0,1.958,0.49,us,11.85,7.158,0.077,46
-22.3438,171.5008,126.548,4.6,27,114.0,3.759,0.68,us,10.1,8.509,0.125,20
-6.7457,129.7117,145.274,4.1,13,81.0,4.565,1.22,us,11.76,9.514,0.233,5
7.0967,126.9094,69.917,4.8,60,109.0,1.321,1.08,us,9.26,7.137,0.059,90
-5.6313,148.2276,167.91,4.4,26,69.0,3.666,0.97,us,11.15,7.817,0.126,18
51.2483,159.3828,10.0,4.1,22,142.0,1.834,1.05,us,11.88,1.944,0.127,17
48.9944,158.2069,10.0,4.4,16,139.0,4.044,0.82,us,11.63,1.928,0.219,7
49.7391,157.562,10.0,4.5,88,134.0,3.359,0.72,us,9.91,1.881,0.055,96
10.3125,-62.5177,69.497,4.1,22,100.0,2.045,0.75,us,8.23,12.505,0.214,6
-13.6775,-76.4345,47.252,5.0,103,137.0,1.726,0.7,us,6.85,7.287,0.03,367
-11.7076,-90.5634,10.0,4.5,19,156.0,10.965,0.6,us,9.1,1.922,0.097,31
-6.8296,131.5473,10.0,4.6,15,117.0,2.815,0.59,us,7.52,1.893,0.223,6
-0.5026,135.7253,10.0,4.6,32,80.0,1.843,0.43,us,4.36,1.875,0.105,27
1.6371,123.0396,10.0,4.6,22,70.0,2.317,0.96,us,8.53,1.907,0.152,13
-12.8907,143.2963,11.304,4.1,17,102.0,1.067,0.44,us,7.65,6.109,0.197,7
-21.7005,-179.0911,580.532,4.2,29,195.0,4.766,0.64,us,18.61,8.59,0.102,31
51.2896,158.5078,40.968,4.2,57,132.0,1.739,0.48,us,12.04,7.949,0.077,47
0.8027,-28.9079,10.0,5.1,71,32.0,9.598,0.93,us,10.52,1.823,0.049,136
40.2428,24.0215,10.0,4.3,27,92.0,1.182,0.7,us,5.74,1.915,0.142,14
-5.4,152.2663,35.0,4.3,36,177.0,1.112,0.6,us,9.16,1.976,0.094,32
-6.6768,129.8122,164.936,4.2,35,86.0,4.453,0.63,us,9.7,8.422,0.11,23
50.5297,159.7647,10.0,4.2,34,170.0,2.591,0.66,us,12.76,1.959,0.103,26
51.1787,157.9073,62.749,4.4,21,138.0,1.903,0.95,us,11.38,8.407,0.155,12
50.3016,156.639,73.704,4.1,48,131.0,2.887,0.64,us,8.81,7.087,0.078,44
7.2306,-82.3157,10.0,4.3,44,144.0,3.003,0.87,us,8.68,1.935,0.093,33
52.2937,158.6507,10.0,4.5,87,133.0,0.731,0.62,us,7.09,1.867,0.058,87
22.7856,141.806,255.551,4.2,106,108.0,4.305,0.58,us,12.44,8.113,0.052,102
7.3003,123.4816,10.0,4.9,55,65.0,2.094,0.45,us,8.88,1.858,0.062,82
29.3423,129.4711,10.0,4.6,27,129.0,2.32,0.75,us,9.41,1.906,0.132,17
4.9458,95.9794,10.0,5.1,67,40.0,1.004,0.52,us,4.94,1.482,0.065,76
-5.7213,111.3007,511.07,4.1,39,48.0,0.777,0.9,us,12.28,8.381,0.117,23
-4.5433,153.2228,84.163,5.2,65,119.0,1.113,0.84,us,9.72,5.688,0.052,121
51.3303,159.7379,24.0,4.3,18,214.0,1.823,0.78,us,12.82,9.005,0.168,10
52.5004,159.003,45.918,4.9,26,181.0,0.566,0.58,us,10.32,8.379,0.323,3
-3.3915,145.9476,10.0,4.6,22,71.0,1.95,0.58,us,8.09,1.775,0.141,15
39.5326,143.497,10.0,4.3,30,141.0,2.247,1.03,us,8.95,1.905,0.133,16
54.4964,-160.053,32.25,3.8,70,164.0,0.43,0.98,us,6.59,9.309,0.227,5
51.5576,159.5842,22.818,4.7,44,127.0,1.576,1.34,us,8.97,5.894,0.091,36
52.7294,160.2751,28.675,4.6,75,128.0,1.028,0.96,us,10.39,6.116,0.045,145
-24.5383,-115.9846,10.0,4.6,79,160.0,6.522,0.44,us,13.85,1.922,0.066,74
51.2532,159.238,28.854,4.5,34,124.0,1.81,0.97,us,9.25,6.153,0.113,23
51.4877,159.3543,35.0,4.3,22,155.0,1.598,0.64,us,9.39,1.883,0.142,15
37.7624,144.1926,10.0,4.3,35,136.0,3.876,1.03,us,10.32,1.915,0.122,19
83.2412,-32.7761,10.0,4.3,37,83.0,2.684,1.09,us,8.69,1.902,0.089,39
11.1719,138.5544,10.0,5.0,48,49.0,5.539,0.72,us,4.27,1.868,0.062,84
35.8935,140.1659,77.893,4.5,34,145.0,1.71,0.51,us,5.59,7.923,0.124,19
21.0608,121.0254,12.698,4.4,35,120.0,1.749,1.23,us,9.27,6.001,0.12,20
53.5468,161.4989,10.0,4.3,28,134.0,1.789,0.9,us,9.2,1.374,0.103,27
-39.0242,175.7827,125.573,4.9,36,63.0,0.041,1.15,us,4.66,6.023,0.129,21
9.4941,-40.9517,10.0,4.4,27,148.0,12.386,0.6,us,14.24,1.943,0.112,23
39.162,28.1825,10.0,4.4,26,51.0,0.998,1.08,us,4.27,1.924,0.19,8
1.0359,125.5375,81.362,4.4,40,63.0,0.807,0.75,us,5.52,5.873,0.104,28
52.6604,160.6055,48.152,5.6,38,65.0,1.241,0.8,us,10.56,6.868,0.103,33
0.2945,-60.5105,11.668,4.0,19,63.0,6.482,0.34,us,9.1,2.756,0.164,10
52.1653,161.4418,10.0,5.0,128,87.0,1.907,0.72,us,7.05,1.351,0.027,419
22.5952,96.0249,10.0,4.7,65,70.0,1.724,0.44,us,4.8,1.809,0.08,48
52.779,159.558,80.64,4.0,17,146.0,1.172,0.91,us,12.47,8.457,0.164,10
-5.0265,151.3343,144.05,4.5,42,61.0,1.171,0.88,us,8.96,7.422,0.093,34
-31.6409,-69.4685,109.83,4.2,22,64.0,0.687,0.98,us,4.21,7.783,0.237,5
52.5896,159.243,59.739,4.8,87,111.0,0.564,0.81,us,7.58,5.651,0.028,384
-24.1014,-67.1654,196.088,4.5,35,64.0,1.475,0.75,us,6.48,8.15,0.145,14
39.9039,143.0208,42.192,4.6,109,122.0,1.737,0.53,us,7.49,6.373,0.058,88
-4.39,153.0537,10.0,4.6,29,119.0,0.909,1.33,us,7.13,1.889,0.129,26
-2.9284,136.3199,10.0,4.6,27,57.0,1.809,0.94,us,5.41,1.763,0.105,27
52.7758,160.6391,29.606,4.8,43,192.0,1.23,1.07,us,13.64,9.386,0.088,40
52.4597,160.7178,10.0,4.3,126,121.0,1.378,0.64,us,7.48,1.865,0.051,115
60.4262,-139.6028,8.44,4.2,44,52.0,0.463,1.05,us,2.02,5.012,0.147,13
-7.0505,124.9054,554.175,4.4,84,39.0,2.76,0.55,us,10.9,7.872,0.07,58
18.3943,-102.3794,10.0,4.3,48,203.0,1.655,1.01,us,8.11,1.951,0.058,84
-27.0266,-176.063,10.0,5.3,70,69.0,9.72,0.82,us,10.45,1.785,0.052,122
29.2758,129.5665,10.0,4.3,39,112.0,2.354,0.64,us,5.37,1.916,0.104,26
44.461,148.0664,78.483,4.6,79,134.0,3.945,0.74,us,8.91,2.745,0.051,114
-8.9108,124.0705,106.559,4.4,19,134.0,0.861,0.71,us,7.32,7.173,0.134,16
51.9301,159.5625,35.0,5.1,47,125.0,1.229,0.87,us,9.19,1.931,0.119,23
14.4811,144.1856,10.0,4.5,37,79.0,1.107,0.46,us,6.21,1.89,0.106,26
-32.9948,-72.8305,10.0,4.4,24,146.0,0.994,0.95,us,5.52,1.903,0.268,4
49.9576,157.2624,10.0,4.3,48,166.0,3.167,0.6,us,12.09,1.95,0.078,47
12.5505,142.3023,146.104,4.7,62,64.0,2.705,0.86,us,10.15,8.434,0.059,87
-3.0042,129.5823,10.0,4.0,25,71.0,2.664,0.88,us,7.81,1.899,0.144,14
-34.0135,-178.3875,10.0,4.2,22,253.0,4.445,0.98,us,11.82,1.975,0.132,16
7.3,126.8057,61.538,4.8,64,56.0,1.238,0.99,us,7.35,3.981,0.077,52
-3.5148,140.67,35.0,4.7,37,65.0,0.994,1.05,us,3.89,1.892,0.096,33
-59.1087,-25.5829,84.863,5.2,58,75.0,7.704,1.11,us,12.39,6.426,0.071,65
52.2614,160.3235,10.0,4.8,78,123.0,1.274,0.86,us,9.17,1.892,0.05,125
-1.8147,137.3545,27.436,4.5,25,69.0,0.838,0.49,us,5.26,5.36,0.11,24
-17.9166,-178.544,578.78,4.3,31,87.0,2.454,1.17,us,16.54,10.195,0.119,20
16.8116,-93.8351,152.347,4.0,42,128.0,0.585,0.68,us,6.66,5.14,0.122,18
37.1785,72.0365,92.388,4.2,23,170.0,2.303,0.49,us,5.17,15.372,0.176,9
8.0905,91.8312,10.0,4.5,40,171.0,5.822,0.94,us,10.74,1.914,0.102,28
-5.5903,148.9087,187.15,4.3,81,68.0,3.528,0.72,us,8.68,7.193,0.062,74
25.8671,106.6062,10.0,4.0,21,126.0,5.079,0.85,us,9.15,1.896,0.173,9
-5.63,151.8978,53.45,4.9,33,155.0,1.454,0.79,us,9.7,7.433,0.067,69
-5.8503,153.7487,10.0,4.9,32,128.0,2.282,0.71,us,6.74,1.818,0.112,25
-31.2384,-68.9387,116.914,4.7,40,46.0,0.383,1.19,us,4.46,3.412,0.108,26
-29.3547,-68.2498,24.5,4.3,27,148.0,1.721,0.63,us,5.75,6.438,0.267,4
48.9102,155.8496,35.0,4.1,36,135.0,4.363,0.9,us,10.81,1.94,0.112,22
20.9127,121.0522,26.785,5.1,131,77.0,1.896,0.62,us,8.65,5.363,0.052,121
-32.7193,-178.7437,35.0,4.4,14,218.0,5.402,0.62,us,8.46,1.991,0.169,10
52.2855,160.4546,10.0,4.9,105,120.0,1.325,0.78,us,7.69,1.877,0.051,122
27.8464,128.013,10.0,4.6,46,123.0,1.033,0.51,us,7.71,1.912,0.095,33
28.4439,54.0647,10.0,4.3,29,84.0,3.975,0.49,us,9.24,1.896,0.129,17
-24.3842,-179.9,522.434,4.3,20,138.0,6.877,0.66,us,14.57,11.045,0.137,15
52.1422,160.324,35.0,4.6,63,120.0,1.87,0.74,us,9.51,1.927,0.076,51
-17.7849,-178.7413,552.073,4.6,72,79.0,2.225,0.77,us,12.28,7.388,0.072,57
36.9322,136.4174,10.0,4.5,48,57.0,1.486,1.06,us,5.84,1.853,0.083,44
-60.0289,-62.6546,10.0,4.6,16,94.0,4.807,0.67,us,8.02,1.907,0.206,9
33.2997,13.8032,10.0,4.2,49,104.0,2.6,0.76,us,8.22,1.909,0.087,39
14.0308,-91.8454,41.85,4.7,106,179.0,1.143,0.85,us,10.34,10.862,0.059,88
29.1549,129.0816,10.0,4.3,25,104.0,2.418,1.06,us,5.82,1.799,0.168,10
-20.8957,-68.9598,103.122,4.2,31,51.0,0.514,0.85,us,5.2,6.378,0.132,16
28.4842,105.1015,10.0,4.5,55,68.0,7.544,1.22,us,9.41,1.884,0.07,60
51.3928,159.4716,35.0,4.2,10,207.0,1.71,1.13,us,12.95,1.996,0.199,7
37.6763,141.7939,61.973,4.3,15,161.0,3.081,0.36,us,8.64,10.481,0.237,5
52.2037,160.7029,10.0,4.4,32,190.0,2.042,0.82,us,12.81,1.959,0.103,27
-6.9573,73.2022,10.0,4.3,14,91.0,0.87,0.65,us,7.67,1.247,0.188,8
22.6313,96.128,10.0,4.1,17,165.0,3.481,0.68,us,7.71,1.958,0.166,10
16.4815,-59.454,10.0,4.6,31,188.0,1.547,0.77,us,8.01,1.949,0.146,14
54.5532,-160.1187,35.0,4.0,58,162.0,0.415,0.8,us,2.56,1.93,0.108,25
25.0545,128.6587,10.0,4.1,20,101.0,1.808,1.21,us,6.17,1.912,0.158,13
-0.3643,-91.5245,10.0,4.7,55,178.0,0.562,0.61,us,7.49,1.9,0.052,113
53.3517,-163.5343,18.904,3.4,32,209.0,1.301,0.87,us,5.65,10.453,0.219,5
51.3088,157.5788,83.882,4.5,83,135.0,1.804,0.43,us,11.16,6.952,0.046,138
51.8377,160.8717,10.0,4.6,54,126.0,1.806,0.63,us,8.95,1.839,0.054,103
9.3592,93.818,10.0,4.5,36,94.0,5.764,0.95,us,10.49,1.903,0.11,24
51.9466,159.7344,45.632,4.1,33,163.0,1.266,0.48,us,9.28,8.52,0.107,24
51.5399,159.8402,10.0,5.1,97,112.0,2.04,0.95,us,8.33,1.853,0.048,140
-23.994,-69.4871,88.807,4.0,19,90.0,1.088,1.26,us,4.62,8.72,0.164,10
-16.4461,-175.3776,235.071,4.2,15,156.0,4.291,0.46,us,9.18,14.822,0.153,12
49.3466,157.3035,20.729,4.4,33,136.0,3.775,0.83,us,14.18,6.649,0.11,24
7.4752,126.9216,10.344,4.6,82,73.0,1.391,0.86,us,7.77,4.421,0.057,93
50.7377,157.8617,61.759,5.6,119,119.0,2.341,0.68,us,10.43,6.556,0.019,1004
50.4151,157.2643,53.85,4.2,32,165.0,2.711,0.69,us,8.43,9.5,0.115,21
4.5116,-73.0916,10.0,4.8,53,106.0,1.269,0.86,us,4.54,1.846,0.044,158
51.3472,157.5132,83.04,4.4,111,133.0,1.768,0.58,us,10.38,7.377,0.043,155
15.4713,-93.09,106.866,4.2,20,163.0,0.898,0.68,us,6.2,6.754,0.374,2
9.2891,93.8494,10.0,4.4,36,118.0,5.725,0.68,us,12.65,1.9,0.103,28
22.7745,142.4843,128.123,4.1,40,153.0,4.311,0.72,us,5.69,8.302,0.109,23
51.5168,159.8108,35.0,4.3,28,161.0,1.669,1.35,us,10.11,1.91,0.142,16
-56.9741,156.667,10.0,4.4,13,138.0,2.795,1.09,us,10.21,1.916,0.179,9
14.6594,-94.3057,10.0,4.1,21,203.0,2.06,0.75,us,5.47,1.966,0.175,9
7.065,-34.181,10.0,4.7,70,62.0,12.921,0.61,us,11.29,1.875,0.051,118
-31.7545,-178.5643,35.0,4.9,47,92.0,2.561,1.0,us,9.45,1.858,0.1,35
52.2029,160.3558,10.0,5.0,82,122.0,1.326,0.92,us,8.22,1.87,0.041,197
-2.0568,138.9706,35.0,4.2,26,78.0,0.965,0.67,us,5.49,1.918,0.121,19
4.5081,125.5362,146.401,4.2,29,83.0,0.23,0.91,us,10.92,4.359,0.11,23
52.9382,160.4617,35.0,4.3,26,208.0,1.099,1.21,us,7.12,2.0,0.129,17
-0.8451,121.9119,10.0,4.5,38,57.0,0.881,0.98,us,5.56,1.889,0.112,23
54.9804,164.8223,10.0,4.1,35,164.0,4.136,0.72,us,14.59,1.952,0.103,26
34.3203,45.5786,10.0,4.5,72,67.0,0.38,0.73,us,5.68,1.836,0.08,46
42.882,144.9575,104.464,4.4,130,133.0,1.589,0.43,us,9.06,6.952,0.045,139
-22.901,-68.5169,107.97,4.0,30,56.0,0.316,0.82,us,5.69,5.8,0.232,5
51.3021,158.7695,50.95,4.2,18,167.0,1.726,0.39,us,12.56,9.128,0.146,14
49.968,159.4667,10.0,4.4,24,136.0,3.333,0.8,us,9.89,1.904,0.138,15
36.241,142.206,10.0,4.7,36,97.0,3.239,0.98,us,5.48,1.875,0.097,32
36.3293,26.8433,130.513,4.7,145,50.0,0.822,0.8,us,6.13,5.613,0.041,176
-20.5067,-177.5749,528.326,4.2,31,101.0,4.963,0.57,us,15.94,12.534,0.11,23
-5.7179,152.5813,10.0,5.2,104,87.0,1.507,0.93,us,7.29,1.876,0.059,94
51.5242,159.3836,33.65,4.5,83,130.0,1.568,0.69,us,10.02,5.801,0.065,70
65.8887,-37.49,10.0,4.3,51,97.0,5.383,0.7,us,5.08,1.908,0.078,47
-57.7302,157.6717,33.485,4.2,19,141.0,3.317,0.47,us,14.11,5.157,0.147,13
52.605,160.8248,10.0,4.3,17,202.0,1.385,0.93,us,11.33,1.987,0.128,17
-3.6493,142.2499,35.0,4.7,39,66.0,1.912,0.75,us,7.23,1.928,0.115,23
-15.3106,167.5238,144.522,4.8,45,117.0,6.054,0.92,us,11.86,3.508,0.091,37
4.8731,124.1091,452.335,4.3,48,62.0,1.372,0.66,us,12.04,9.072,0.097,32
21.6372,143.6131,169.918,4.0,27,158.0,5.588,0.85,us,13.82,10.03,0.125,18
45.4331,151.2025,63.292,4.4,24,152.0,6.056,0.78,us,12.16,9.101,0.138,15
-19.1369,-177.6793,599.809,4.3,56,133.0,3.859,0.59,us,13.32,7.337,0.072,54
51.9185,159.9547,47.801,4.4,26,167.0,1.364,1.05,us,10.03,4.272,0.135,16
2.2622,-84.5284,10.0,4.3,19,162.0,5.76,0.59,us,13.08,1.949,0.119,20
52.8158,159.8236,54.694,4.1,26,119.0,0.74,0.59,us,11.27,6.16,0.112,22
51.7739,160.9882,10.0,4.3,13,155.0,1.902,0.9,us,12.16,1.952,0.238,7
52.8052,160.0663,35.0,4.2,27,119.0,0.885,1.39,us,6.68,1.908,0.11,23
-7.09,131.3784,10.0,4.3,14,116.0,2.942,0.67,us,9.58,1.948,0.187,8
-25.349,179.7565,502.35,4.4,36,132.0,7.731,0.78,us,13.9,10.452,0.107,25
-6.5347,92.0678,10.0,4.5,19,82.0,17.795,0.61,us,14.79,1.898,0.156,12
27.9847,56.3651,10.0,4.3,29,130.0,3.03,1.09,us,10.44,1.894,0.109,24
30.3408,69.9587,10.0,4.6,41,96.0,4.22,1.2,us,8.58,1.776,0.099,30
29.3037,129.4602,10.0,4.7,77,87.0,2.359,0.73,us,6.89,1.856,0.072,58
-1.321,-77.8568,177.305,4.2,54,49.0,0.24,0.58,us,6.1,3.637,0.1,28
-17.7009,-176.4748,593.912,4.1,21,171.0,4.155,0.79,us,14.28,15.616,0.135,16
50.1315,157.763,26.355,4.6,41,132.0,2.948,0.76,us,7.77,4.722,0.141,24
52.786,160.6767,19.526,4.3,61,119.0,1.25,0.93,us,10.13,5.283,0.064,68
7.0104,126.8277,71.86,4.4,37,86.0,1.241,0.98,us,7.82,7.212,0.11,24
53.0668,161.2952,10.0,4.2,22,116.0,1.598,0.99,us,11.23,1.916,0.121,19
8.482,126.3659,83.261,4.3,16,140.0,1.605,0.69,us,11.33,5.404,0.168,10
51.2488,159.2394,18.01,4.5,46,138.0,2.084,0.93,us,13.75,5.854,0.091,36
-20.9406,-67.5152,188.964,4.2,26,61.0,1.729,0.9,us,6.1,10.798,0.235,5
23.6498,94.7137,121.439,4.4,29,73.0,2.44,0.34,us,8.35,8.427,0.12,20
42.6048,141.9887,123.578,4.5,142,69.0,1.048,0.49,us,6.38,5.656,0.051,111
-18.0362,-177.9854,582.74,4.1,36,109.0,2.964,0.71,us,14.28,4.77,0.101,27
41.1731,142.9607,43.493,4.5,96,125.0,0.854,0.59,us,6.57,7.276,0.06,82
-24.1169,179.1512,545.062,4.7,97,43.0,5.754,0.68,us,11.6,5.99,0.032,299
0.3533,122.348,129.767,4.1,26,72.0,3.182,0.69,us,7.87,8.451,0.127,17
13.3577,92.5564,15.163,5.0,89,65.0,4.921,0.85,us,9.59,4.409,0.056,105
39.4283,143.3003,43.866,4.5,56,134.0,2.188,0.6,us,9.14,7.483,0.075,52
53.0029,161.1671,35.0,4.5,23,201.0,1.521,1.04,us,13.4,1.976,0.145,14
-9.5862,124.0061,60.691,4.0,9,129.0,0.307,0.43,us,10.03,6.607,0.211,6
52.6228,-31.4662,10.0,4.2,25,145.0,11.437,0.95,us,7.76,1.948,0.115,21
43.3943,147.7436,45.258,4.2,27,192.0,3.65,0.7,us,11.88,10.461,0.121,19
1.7437,126.5864,49.919,4.1,21,118.0,1.241,0.44,us,5.87,5.126,0.144,13
-17.5898,-171.6865,10.0,4.1,11,99.0,2.231,0.92,us,10.43,1.945,0.261,4
13.0958,124.9327,35.0,4.4,18,135.0,10.806,0.86,us,10.62,1.966,0.139,15
13.7614,120.7577,162.819,4.2,73,104.0,9.593,0.83,us,12.32,7.912,0.061,77
42.3604,81.1837,10.0,4.2,10,168.0,1.58,0.67,us,6.27,1.931,0.236,5
-18.298,168.066,35.62,4.9,37,158.0,2.953,0.62,us,9.25,7.796,0.108,27
-11.3827,-74.1875,101.453,4.3,26,96.0,2.669,0.7,us,7.1,9.037,0.147,13
52.2175,160.5871,10.0,4.3,33,123.0,1.43,1.01,us,9.35,1.914,0.098,30
51.2058,159.5623,10.0,4.5,24,129.0,1.905,0.89,us,10.03,1.917,0.131,17
-57.9569,-10.5137,10.0,4.6,23,98.0,14.13,1.12,us,13.78,1.941,0.123,23
-20.1223,-178.8738,623.355,4.1,18,131.0,3.749,0.45,us,19.95,9.082,0.12,19
50.835,156.857,89.341,4.2,20,166.0,2.335,0.82,us,8.52,7.529,0.152,12
50.3453,158.7601,31.077,4.5,31,142.0,2.683,0.53,us,10.67,6.401,0.11,24
-5.3708,133.6391,10.0,4.5,24,66.0,2.739,1.03,us,7.41,1.932,0.139,15
-24.32,-67.1008,167.076,4.5,34,62.0,1.683,0.62,us,9.02,8.977,0.135,16
7.8807,-38.6405,10.0,4.6,43,78.0,13.888,0.88,us,12.31,1.899,0.089,38
-21.7269,-68.4249,131.822,4.3,18,87.0,0.763,0.74,us,5.88,7.398,0.267,4
61.1676,-28.0776,10.0,4.3,50,150.0,4.731,0.79,us,11.61,1.932,0.084,40
-7.8505,114.7684,197.719,4.4,72,35.0,0.867,0.74,us,7.71,5.922,0.07,60
50.8843,-172.3169,10.0,3.7,23,201.0,1.766,0.61,us,5.23,1.976,0.101,25
-9.8854,116.6311,54.034,4.1,17,104.0,1.544,0.45,us,8.08,5.198,0.174,9
51.5118,158.9868,63.432,4.1,17,168.0,1.528,0.59,us,12.62,6.295,0.185,10
46.873,152.5884,66.72,4.1,42,136.0,6.733,0.67,us,12.2,8.591,0.107,24
51.4902,159.7095,25.654,4.5,40,118.0,1.668,1.24,us,10.27,6.935,0.1,29
-28.2238,-176.6696,35.0,4.6,30,187.0,1.503,0.62,us,12.36,1.923,0.125,20
51.764,160.4337,10.0,4.4,28,192.0,2.148,1.0,us,11.25,1.954,0.117,21
-23.3297,178.8291,553.818,5.1,42,81.0,5.604,0.65,us,15.36,7.2,0.098,39
53.1002,159.8687,59.138,4.2,38,159.0,0.74,0.87,us,11.26,9.077,0.095,31
-8.0859,119.191,9.922,4.1,17,59.0,1.582,1.05,us,4.44,5.196,0.184,8
-56.7908,-140.7658,10.0,4.2,13,180.0,27.496,1.06,us,17.33,1.831,0.152,12
16.7087,120.3902,71.961,4.6,49,107.0,6.112,1.05,us,10.38,4.287,0.075,53
8.3505,-82.7848,13.425,4.5,39,134.0,1.834,0.59,us,9.97,5.728,0.095,32
-55.7521,-26.1327,10.0,4.5,21,109.0,6.136,0.53,us,7.43,1.92,0.121,20
10.8074,-62.9704,122.966,4.0,23,193.0,1.716,0.62,us,11.52,11.617,0.182,8
-1.1938,99.9771,75.629,4.6,25,132.0,3.453,0.8,us,9.51,7.5,0.193,13
52.5336,160.5765,29.249,4.6,90,134.0,1.269,0.68,us,11.68,5.935,0.062,77
37.642,77.8563,10.0,4.4,46,96.0,3.706,0.77,us,8.03,1.9,0.112,23
34.5711,34.1328,10.0,4.8,79,64.0,0.766,0.81,us,3.38,1.857,0.042,175
29.3696,129.4658,10.0,4.8,39,109.0,2.296,0.72,us,7.62,1.889,0.049,126
52.1232,160.5376,10.0,5.0,94,134.0,1.463,0.76,us,10.46,1.888,0.051,121
1.0484,127.0165,42.602,4.9,109,59.0,0.445,0.62,us,5.71,5.626,0.06,88
36.5109,-2.8188,10.0,4.3,35,123.0,3.285,0.63,us,6.27,1.848,0.111,23
-2.1435,139.3604,52.887,4.8,40,78.0,1.332,0.73,us,4.87,7.087,0.097,38
51.7128,159.9186,25.934,4.5,22,126.0,1.526,0.71,us,11.27,6.167,0.121,20
-23.9387,179.9727,510.307,4.3,35,100.0,10.571,0.93,us,13.7,10.047,0.097,30
-19.2929,-174.5261,60.89,4.6,24,92.0,4.352,1.25,us,11.72,7.134,0.097,32
50.9601,159.2523,10.0,4.4,45,130.0,2.1,0.99,us,9.71,1.909,0.068,62
-57.2322,-25.4016,35.0,4.3,17,194.0,17.256,0.54,us,8.33,1.956,0.168,10
29.2994,129.3616,10.0,4.6,56,107.0,2.396,0.98,us,7.01,1.882,0.076,52
-14.6748,166.828,10.0,4.4,23,139.0,0.849,0.76,us,9.23,1.926,0.126,18
-7.3832,123.8029,559.942,4.1,34,64.0,2.401,0.83,us,11.38,7.259,0.15,13
51.0697,158.0192,35.0,4.4,88,134.0,1.995,0.58,us,11.04,1.931,0.053,103
52.4346,161.8002,10.0,4.4,27,126.0,2.004,0.91,us,9.15,1.914,0.117,21
34.705,70.7777,10.0,4.7,124,79.0,1.368,0.58,us,7.84,1.845,0.053,108
52.0637,160.6763,10.0,4.3,16,137.0,1.567,1.3,us,10.34,1.927,0.178,9
3.7252,127.3883,47.66,4.2,26,107.0,2.151,0.62,us,7.35,8.612,0.124,18
51.1533,159.2446,35.0,4.4,35,222.0,1.909,0.65,us,10.44,1.98,0.092,34
13.8852,145.2884,120.493,4.1,23,150.0,0.503,0.44,us,10.88,7.533,0.123,18
51.4151,158.9348,55.299,4.3,22,210.0,1.62,0.45,us,11.58,10.001,0.126,19
10.8873,93.5681,124.708,4.8,96,64.0,1.112,0.88,us,7.95,6.125,0.046,144
-4.7353,122.6392,10.0,4.3,25,61.0,0.202,1.13,us,6.18,1.804,0.154,12
2.5068,125.8306,128.173,4.2,26,62.0,2.239,0.49,us,9.92,7.508,0.125,18
51.9682,161.5235,10.0,4.7,64,126.0,2.05,0.99,us,3.2,1.87,0.048,133
-3.6257,151.5576,10.0,4.4,25,110.0,0.825,0.36,us,8.88,1.895,0.126,18
-37.5884,51.6101,10.0,4.5,28,137.0,16.747,0.59,us,8.21,1.859,0.115,22
49.1092,155.9927,46.79,4.4,22,129.0,4.146,0.69,us,11.63,8.854,0.149,13
28.2571,52.2639,10.0,3.9,7,101.0,4.829,0.73,us,9.89,1.979,0.296,4
-12.5471,166.4468,67.116,4.7,87,68.0,2.975,0.46,us,8.89,5.484,0.054,106
14.3815,-90.5566,188.205,4.6,53,141.0,0.16,1.02,us,8.13,7.398,0.038,206
53.1098,161.4868,10.0,4.5,27,137.0,1.714,1.02,us,7.22,1.912,0.108,25
-4.8372,133.9605,10.0,4.4,30,43.0,2.138,1.01,us,5.58,1.916,0.139,15
26.6443,54.1759,15.34,4.5,110,76.0,2.491,0.43,us,8.03,4.336,0.055,102
-6.2398,151.8498,10.0,4.7,43,82.0,1.928,0.49,us,9.5,1.905,0.088,39
-13.6018,173.373,10.0,4.5,30,120.0,6.25,0.63,us,14.06,1.899,0.108,25
49.9923,158.7005,10.0,4.5,25,119.0,3.036,0.41,us,10.47,1.898,0.15,15
51.6288,159.6054,10.0,5.4,40,127.0,1.515,0.46,us,5.08,1.88,0.12,24
-6.9553,125.9265,476.112,4.5,62,41.0,3.23,0.7,us,11.42,6.644,0.087,39
-22.8107,-70.3668,35.0,4.4,20,153.0,0.741,0.36,us,4.52,1.954,0.19,8
-27.8687,-71.0579,55.218,4.4,22,138.0,0.335,0.7,us,5.37,6.023,0.219,6
51.8412,159.893,35.0,4.6,32,137.0,1.408,1.03,us,11.95,1.939,0.098,31
85.0316,95.9336,10.0,4.4,41,70.0,14.53,0.83,us,11.98,1.929,0.082,43
10.2097,125.9317,10.0,4.5,48,130.0,3.139,0.72,us,8.11,1.901,0.086,40
-1.3104,133.9928,42.419,4.8,86,70.0,1.53,0.68,us,6.26,7.402,0.064,76
-3.4946,128.7097,33.74,4.1,30,36.0,3.58,0.61,us,7.34,6.823,0.145,14
-31.2347,-73.0604,10.0,4.3,23,146.0,1.765,0.37,us,6.58,1.463,0.237,5
2.7456,128.4849,221.602,4.4,33,86.0,3.591,0.78,us,7.06,8.444,0.112,23
54.4192,-160.3098,36.651,3.3,114,194.0,0.588,0.63,us,4.84,12.812,0.199,6
52.6104,160.9417,22.815,4.9,184,116.0,1.451,0.63,us,8.36,5.283,0.035,258
53.1638,160.0687,43.696,4.2,26,137.0,0.867,0.68,us,11.96,5.222,0.128,17
-24.2133,-177.1467,149.568,4.9,37,123.0,7.843,0.89,us,13.38,6.821,0.11,26
-17.0714,-174.113,132.07,4.4,34,99.0,3.865,1.13,us,9.66,6.558,0.105,26
51.2099,159.4249,10.0,4.5,18,138.0,1.878,0.71,us,12.22,1.934,0.144,14
-6.3373,148.7999,53.067,4.1,25,119.0,3.454,0.46,us,7.26,5.517,0.14,18
-27.0844,-70.0839,68.743,4.5,48,75.0,0.363,0.8,us,3.94,4.794,0.089,37
-6.0832,102.9046,10.0,4.5,26,102.0,1.647,0.53,us,9.28,1.906,0.124,19
-39.0771,78.1647,10.0,4.7,17,97.0,29.818,0.51,us,13.32,1.924,0.143,15
52.8339,160.9304,10.0,4.8,88,128.0,1.393,0.94,us,7.89,1.78,0.04,188
1.5904,123.9628,298.53,4.2,26,77.0,2.873,0.42,us,10.32,9.442,0.132,16
-7.4124,130.6464,22.162,4.3,20,120.0,2.964,1.14,us,8.84,5.368,0.154,12
-15.8876,166.5681,10.0,4.3,12,220.0,5.119,0.3,us,12.25,1.98,0.188,8
13.2631,-90.9953,10.0,4.1,36,200.0,1.342,1.15,us,4.54,1.967,0.117,20
-9.1708,123.6698,35.0,4.1,15,118.0,0.827,0.7,us,5.23,1.962,0.233,5
37.7406,144.1271,10.0,4.5,34,141.0,3.862,0.62,us,9.56,1.922,0.121,20
-6.2751,151.9757,10.0,4.4,36,151.0,1.956,1.0,us,9.99,1.898,0.112,23
-61.2144,-36.2321,10.0,4.6,24,74.0,6.952,0.53,us,9.71,1.577,0.133,17
13.3869,50.9032,10.0,4.3,29,163.0,6.432,1.33,us,13.91,1.981,0.116,21
30.2805,66.145,10.0,4.9,56,72.0,4.921,1.01,us,9.79,1.865,0.062,83
28.1609,131.0341,10.0,4.5,69,121.0,2.338,0.65,us,7.08,1.867,0.078,50
-11.9095,165.8452,10.0,4.5,22,140.0,3.756,1.01,us,10.83,1.912,0.14,15
51.5212,160.458,10.0,4.5,34,128.0,1.87,0.69,us,4.33,1.907,0.111,24
-5.5489,102.247,10.0,4.9,40,93.0,1.376,0.64,us,7.04,1.909,0.096,35
54.5078,-159.6655,33.73,3.6,29,206.0,0.327,0.4,us,7.04,10.345,0.352,2
-24.32,-67.3769,176.819,4.6,15,182.0,1.548,0.81,us,13.19,11.728,0.151,13
51.5043,159.8164,10.0,4.9,124,151.0,1.682,1.02,us,8.17,1.911,0.055,103
-24.3772,179.9373,531.152,4.1,16,184.0,6.829,0.69,us,14.45,13.902,0.151,12
51.2027,158.4178,35.0,4.3,15,135.0,1.829,0.69,us,10.77,1.949,0.202,7
51.8525,158.5231,88.695,4.5,57,133.0,1.175,0.46,us,11.25,7.364,0.074,53
-52.1341,-61.695,10.0,4.7,37,60.0,2.296,0.71,us,6.86,1.895,0.085,42
33.7802,-38.1895,10.0,4.6,25,120.0,37.712,0.68,us,15.83,1.927,0.125,19
-22.9566,-68.5438,115.506,4.4,27,66.0,0.336,0.73,us,6.14,5.432,0.123,19
37.8765,144.2519,10.0,4.1,12,201.0,3.817,0.6,us,10.77,1.971,0.234,5
54.4957,-160.1632,35.0,3.5,40,201.0,0.473,0.79,us,4.77,1.97,0.186,9
45.3712,149.0886,116.134,4.2,40,133.0,4.674,0.48,us,10.9,8.288,0.103,26
-18.1853,167.9304,25.671,4.5,13,180.0,2.811,0.68,us,9.93,11.044,0.192,8
-24.2762,179.9443,511.063,4.3,26,101.0,5.301,0.83,us,15.44,9.718,0.114,23
52.0856,160.2343,35.0,5.2,112,91.0,1.348,1.07,us,8.01,1.839,0.024,575
50.1947,159.0612,10.0,5.1,116,79.0,2.844,0.7,us,7.53,1.799,0.025,533
52.0394,160.6021,10.0,4.2,30,67.0,1.547,0.67,us,10.19,1.909,0.118,20
1.7337,-102.3149,10.0,4.3,22,165.0,16.155,0.61,us,8.06,1.959,0.123,19
0.3272,122.3923,126.206,4.2,23,84.0,1.412,0.76,us,5.56,6.615,0.166,10
27.8992,-111.8568,10.0,4.1,41,124.0,0.67,0.95,us,5.94,1.955,0.055,90
8.7445,-83.5964,36.54,4.1,29,159.0,1.07,0.75,us,8.19,11.112,0.131,16
52.8522,160.8574,10.0,4.7,25,143.0,1.347,1.14,us,8.78,1.86,0.159,12
51.295,160.0075,10.0,4.3,24,176.0,2.306,0.5,us,9.84,1.958,0.119,20
52.9218,160.7749,10.0,4.5,30,127.0,1.289,0.91,us,7.65,1.893,0.103,28
21.5934,143.1209,304.108,4.5,171,124.0,5.544,0.58,us,11.4,7.826,0.043,158
7.5345,126.8509,52.418,4.4,36,61.0,1.343,0.95,us,9.26,8.365,0.11,24
2.8472,-31.0716,10.0,4.4,14,141.0,14.116,0.2,us,18.15,1.97,0.156,12
50.9591,-176.9036,10.0,3.8,26,228.0,0.83,0.31,us,4.13,2.003,0.207,6
19.5749,146.5963,35.0,4.3,25,159.0,4.379,0.76,us,11.66,1.949,0.125,18
12.9214,145.6851,10.0,4.4,27,110.0,1.036,0.82,us,8.9,1.904,0.134,16
38.7751,70.4663,10.0,4.2,45,72.0,1.03,0.76,us,3.63,1.729,0.102,29
53.1782,159.9229,50.727,4.2,31,164.0,0.783,1.26,us,11.82,9.096,0.11,23
52.2389,160.3916,10.0,4.3,37,123.0,1.321,0.58,us,5.85,1.871,0.108,25
60.5366,-139.9898,5.0,4.2,39,54.0,0.461,1.11,us,1.96,1.874,0.265,7
-15.0823,-178.6716,409.791,4.1,19,145.0,2.34,0.79,us,16.13,6.143,0.135,15
52.9664,159.7556,57.486,5.0,116,107.0,0.671,0.96,us,7.9,5.252,0.028,397
-60.1446,-62.0491,10.0,4.8,25,97.0,4.739,0.83,us,11.59,1.868,0.118,25
50.7904,156.4799,76.225,4.3,15,158.0,2.441,0.62,us,6.68,13.108,0.217,6
-52.8962,22.0141,10.0,4.4,23,77.0,20.523,0.66,us,10.93,1.87,0.12,21
9.7251,126.2551,43.253,4.6,44,124.0,2.722,1.23,us,11.07,6.067,0.103,30
49.4633,155.2257,80.982,4.3,35,133.0,3.966,0.31,us,6.13,8.468,0.114,22
52.5131,160.8858,10.0,4.4,28,175.0,1.451,0.57,us,8.6,1.866,0.105,26
51.253,159.3271,26.563,4.7,44,135.0,1.822,0.73,us,11.05,6.075,0.083,44
54.4719,-159.8452,36.302,3.9,36,208.0,0.39,0.75,us,5.36,5.008,0.148,12
-21.0976,-179.1914,622.15,4.6,41,122.0,4.229,0.55,us,6.79,8.59,0.084,42
51.6032,158.7707,35.0,4.1,35,227.0,1.424,1.12,us,9.05,1.948,0.089,34
52.7173,-173.0902,217.735,3.4,34,150.0,0.76,0.56,us,15.39,11.3,0.136,13
25.0212,122.7764,153.841,4.2,45,46.0,0.591,0.89,us,5.25,6.002,0.1,28
28.0848,87.571,10.0,4.1,12,100.0,3.511,1.29,us,10.64,1.918,0.139,14
-22.2808,-176.4127,10.0,4.8,51,116.0,6.857,0.83,us,11.43,1.824,0.072,61
-9.3174,124.0143,92.228,4.0,9,135.0,0.501,0.76,us,14.99,6.038,0.211,6
-7.53,127.5634,183.306,4.2,20,71.0,3.938,0.66,us,10.69,10.185,0.142,14
51.7576,160.5245,10.0,4.4,22,192.0,1.711,1.06,us,8.19,1.968,0.134,16
-5.932,128.0331,387.735,4.3,53,33.0,2.331,1.03,us,8.16,2.773,0.104,26
52.3128,175.8138,86.038,4.9,77,105.0,1.128,0.51,us,6.66,7.128,0.034,265
49.5636,158.3593,10.0,4.3,13,232.0,3.469,0.81,us,15.0,1.988,0.217,6
7.669,136.9808,10.0,4.6,41,100.0,2.506,0.68,us,9.85,1.879,0.082,44
-21.635,-68.4076,121.731,4.5,33,90.0,0.792,0.83,us,5.41,6.238,0.113,23
-20.9296,-173.148,10.0,5.0,69,63.0,3.546,0.77,us,11.37,1.829,0.06,88
-58.767,-24.9017,10.0,4.5,41,83.0,7.82,0.48,us,11.33,1.873,0.091,35
-7.9282,117.6939,8.364,4.1,20,81.0,0.897,0.82,us,3.73,5.23,0.213,7
50.5746,157.7638,10.0,4.9,118,113.0,2.513,0.94,us,8.28,1.873,0.054,107
-19.8742,-173.5566,10.0,4.4,14,102.0,3.515,0.73,us,10.88,1.917,0.17,10
-27.6076,-177.4072,84.728,4.7,31,121.0,1.695,0.61,us,13.22,6.256,0.115,23
52.0621,-171.3436,33.823,3.8,74,180.0,1.135,1.3,us,7.2,8.102,0.09,32
49.1522,155.5654,64.685,4.8,66,134.0,4.183,0.95,us,9.65,6.88,0.03,345
64.5247,-39.9652,10.0,4.2,50,138.0,4.201,0.62,us,7.38,1.511,0.065,66
5.1276,126.8545,97.64,4.4,39,66.0,1.425,0.81,us,7.0,5.366,0.108,25
13.6224,123.4808,35.0,4.7,44,132.0,9.425,1.15,us,13.0,1.943,0.094,34
-22.4855,-175.0684,10.0,4.8,51,116.0,7.207,0.74,us,11.54,1.842,0.081,47
50.9094,159.0052,10.0,4.3,19,225.0,2.129,1.07,us,12.97,1.973,0.148,13
52.8794,160.8061,10.0,4.5,39,173.0,1.312,1.33,us,6.3,1.946,0.099,30
-18.0339,-179.2761,632.66,4.1,23,120.0,2.56,0.68,us,17.58,10.638,0.123,18
41.0788,142.8297,42.891,4.1,17,153.0,0.967,0.54,us,7.46,9.248,0.174,9
5.7732,125.7873,106.324,4.4,25,115.0,1.078,0.65,us,5.91,6.102,0.126,18
30.561,70.2875,10.0,4.0,37,241.0,4.061,1.18,us,12.41,2.008,0.149,12
-6.1749,142.5106,10.0,4.6,23,155.0,3.071,0.9,us,11.23,1.901,0.095,33
52.5855,160.6502,29.419,4.3,34,121.0,1.291,0.75,us,7.83,5.069,0.116,21
52.1385,159.527,52.868,4.4,44,132.0,1.035,0.75,us,10.49,7.51,0.092,34
51.9108,160.235,35.0,4.3,20,151.0,1.477,0.97,us,10.41,1.95,0.129,17
52.8032,160.7971,10.0,4.8,84,110.0,1.319,0.51,us,8.86,1.88,0.064,77
53.0392,159.4689,73.723,4.5,26,118.0,0.495,0.87,us,11.9,7.984,0.11,24
-23.0538,179.0167,613.245,4.3,23,108.0,5.359,0.96,us,19.41,21.332,0.132,16
-2.9272,129.4293,10.0,4.2,18,73.0,2.747,0.49,us,7.11,1.916,0.141,14
52.6641,160.7552,10.0,5.6,106,120.0,1.327,0.89,us,9.06,1.872,0.059,102
-1.6311,-77.6831,172.909,4.2,39,66.0,0.368,0.6,us,7.11,4.974,0.097,32
51.1714,159.494,10.0,4.9,105,176.0,1.927,0.59,us,7.34,1.919,0.057,97
18.3211,145.373,503.917,3.8,20,144.0,3.089,0.38,us,11.83,11.437,0.147,12
-49.0671,124.9643,10.0,4.4,25,86.0,17.129,0.53,us,14.65,1.867,0.127,18
52.7737,161.1913,10.0,4.3,28,148.0,1.56,0.68,us,9.99,1.94,0.133,16
51.2059,158.6169,41.411,4.2,37,128.0,1.82,0.87,us,11.1,8.594,0.096,30
18.2307,-102.2938,56.13,4.2,64,203.0,1.733,1.23,us,8.25,9.022,0.039,184
51.5708,159.3325,30.8,4.5,38,127.0,1.514,0.73,us,10.49,6.316,0.097,31
50.9075,159.5402,10.0,4.5,19,136.0,2.48,0.55,us,11.54,1.918,0.205,7
51.4892,159.7334,10.0,4.9,131,81.0,1.675,0.65,us,7.32,1.797,0.052,115
-12.4485,167.0104,230.059,4.3,49,90.0,2.986,0.82,us,11.87,8.616,0.083,41
-47.6325,116.1184,10.0,4.6,14,176.0,14.712,0.45,us,10.45,1.96,0.193,8
-27.8354,-66.9033,147.458,4.7,64,43.0,3.1,0.72,us,7.18,7.309,0.032,304
52.0546,160.4213,10.0,4.7,38,122.0,1.453,1.2,us,9.66,1.894,0.07,67
52.4255,163.6086,10.0,4.5,67,135.0,3.074,0.53,us,11.43,1.917,0.057,89
37.692,144.1293,10.0,4.9,107,125.0,3.902,0.67,us,8.93,1.871,0.037,226
-23.9343,-66.7161,195.058,4.5,31,58.0,1.662,0.92,us,4.69,8.338,0.121,20
31.4844,50.1239,10.0,4.2,24,151.0,5.118,1.31,us,9.65,1.963,0.121,19
29.0719,129.0919,10.0,4.6,31,122.0,2.342,1.09,us,6.55,1.68,0.12,27
52.7938,160.8617,10.0,4.3,47,119.0,1.359,0.86,us,9.59,1.897,0.093,33
-11.4509,166.1904,79.012,4.2,19,146.0,4.092,0.48,us,12.23,8.462,0.153,12
51.6158,160.3107,10.0,4.5,31,160.0,1.74,0.96,us,10.13,1.96,0.119,21
13.3226,121.0611,10.0,4.6,53,118.0,20.677,0.52,us,14.44,1.908,0.081,45
-9.5022,112.7895,35.0,4.0,25,94.0,1.692,0.79,us,8.59,1.926,0.144,14
51.6204,158.5731,35.0,4.4,72,120.0,1.406,1.1,us,7.76,1.924,0.05,120
-18.2148,168.1202,52.373,4.3,14,157.0,4.147,0.47,us,12.07,9.713,0.178,9
-36.0772,-73.7967,23.172,4.3,40,140.0,1.956,0.65,us,7.6,7.065,0.161,11
53.0173,159.5249,73.11,4.3,24,173.0,0.529,0.63,us,10.78,8.829,0.129,17
37.0475,75.4095,10.0,4.7,144,45.0,2.642,0.63,us,7.18,1.808,0.049,129
9.1991,126.085,102.632,4.4,38,131.0,2.174,0.88,us,11.08,8.655,0.105,26
-60.1188,-61.9218,10.0,4.6,15,146.0,8.389,0.37,us,7.59,1.915,0.146,14
-16.1435,167.6355,91.846,4.4,22,147.0,5.415,0.6,us,14.95,3.892,0.155,14
23.2627,142.3491,141.752,4.5,48,119.0,3.819,0.84,us,12.65,5.59,0.034,263
-24.3135,-67.3394,177.294,4.2,31,60.0,1.559,1.03,us,4.46,7.968,0.121,20
-49.8823,110.742,10.0,4.4,14,145.0,17.613,1.07,us,14.39,1.9,0.179,11
-14.5097,-73.6093,88.454,4.5,31,123.0,4.024,0.7,us,8.29,7.818,0.11,24
13.8169,39.7946,10.0,4.3,27,72.0,3.746,0.57,us,9.34,1.907,0.125,18
51.5556,159.4736,35.0,4.6,35,127.0,1.555,0.73,us,8.36,1.89,0.101,29
-6.5557,129.9346,130.532,4.3,25,60.0,4.286,0.86,us,9.39,9.423,0.148,13
-27.7472,-177.7778,10.0,4.8,17,136.0,1.498,0.73,us,7.37,1.93,0.16,13
13.7793,120.866,10.0,4.4,29,124.0,20.121,0.57,us,15.53,1.946,0.12,20
47.1643,146.8176,359.923,4.4,91,133.0,2.781,0.7,us,10.89,7.497,0.064,71
-33.0845,179.9225,129.447,4.3,21,129.0,4.235,0.68,us,8.41,7.039,0.168,14
-24.1894,-67.0604,178.886,4.0,55,66.0,1.603,0.85,us,9.08,7.428,0.079,43
-16.0057,-75.4745,10.0,4.4,35,137.0,4.209,0.74,us,9.99,1.896,0.121,20
-10.8681,161.3367,10.0,4.3,21,109.0,1.972,0.95,us,4.92,1.912,0.142,15
41.2599,142.4695,33.122,4.1,12,182.0,0.914,0.42,us,9.0,10.923,0.213,6
52.3431,160.354,28.122,4.4,25,123.0,1.787,0.66,us,10.03,2.85,0.134,16
-22.0836,-179.6096,606.969,4.3,58,123.0,4.844,0.56,us,15.15,8.237,0.071,56
52.6348,159.1796,62.543,4.7,173,118.0,0.505,0.72,us,6.67,5.824,0.037,223
6.2295,127.0704,35.0,4.6,56,93.0,1.7,0.86,us,8.24,1.925,0.079,48
49.1306,155.2613,73.527,4.3,50,135.0,4.268,1.05,us,12.64,7.969,0.08,45
8.9516,-83.1982,62.114,4.5,58,75.0,1.118,0.97,us,8.13,6.964,0.055,96
51.6154,160.1319,10.0,4.5,33,157.0,1.678,0.98,us,8.99,1.957,0.107,26
-24.1457,-67.0807,222.72,4.4,24,83.0,1.558,0.64,us,10.57,9.613,0.269,4
-7.9744,130.3851,10.0,4.6,32,115.0,3.462,0.87,us,8.48,1.806,0.105,27
51.9639,159.6365,35.0,4.1,22,124.0,1.221,0.59,us,9.99,1.945,0.127,17
51.2873,157.5447,75.204,4.2,38,134.0,1.826,0.64,us,10.96,8.245,0.117,20
-57.7122,157.7679,10.0,5.0,53,51.0,3.288,0.68,us,12.21,1.802,0.085,44
52.5349,160.6137,10.0,4.4,32,122.0,1.289,0.31,us,7.83,1.896,0.12,20
50.6407,157.067,69.815,4.4,66,136.0,2.502,0.54,us,11.58,8.292,0.073,54
51.2241,159.1106,43.286,4.2,15,221.0,1.824,1.01,us,4.5,8.895,0.216,6
50.1114,179.9086,10.0,3.9,76,149.0,1.655,0.6,us,6.64,1.924,0.07,59
51.9173,90.6931,10.0,4.5,58,53.0,4.095,1.26,us,9.4,1.919,0.053,104
-56.86,-68.1108,10.0,4.1,12,136.0,1.951,0.73,us,14.63,1.628,0.213,7
13.9328,144.7317,163.462,4.1,29,94.0,0.366,0.4,us,10.16,4.771,0.119,19
-12.5107,166.5385,68.261,4.9,74,106.0,2.989,0.81,us,10.53,7.123,0.044,164
51.1568,157.7994,66.119,4.2,53,127.0,1.942,0.81,us,9.63,7.195,0.086,38
-18.132,168.3039,18.282,4.5,23,76.0,2.87,1.11,us,8.42,4.506,0.136,16
51.8234,160.0484,28.589,4.4,33,125.0,1.476,0.62,us,10.11,5.956,0.107,25
52.9074,159.8884,56.008,4.6,81,118.0,0.758,1.1,us,9.15,6.988,0.044,151
51.5061,159.5535,35.0,4.9,65,127.0,1.618,1.14,us,8.18,1.917,0.061,83
34.7095,32.5226,10.0,4.6,75,122.0,0.711,1.08,us,5.42,1.889,0.069,63
-4.892,152.3166,56.068,4.9,59,69.0,0.713,0.87,us,7.65,6.802,0.055,103
51.3246,157.0529,114.719,4.4,74,161.0,1.83,0.44,us,11.13,8.12,0.068,62
-34.2117,178.947,237.13,4.9,38,111.0,3.384,1.11,us,9.91,8.436,0.083,45
6.7524,-72.9558,162.717,4.3,36,121.0,2.331,0.84,us,9.04,7.851,0.089,36
-7.1091,150.497,10.0,4.5,61,74.0,3.172,0.84,us,7.15,1.858,0.086,48
-55.7008,-29.2896,76.67,4.5,20,117.0,4.382,0.7,us,12.32,10.024,0.121,20
-22.5717,-67.6221,164.474,4.5,60,41.0,0.638,0.76,us,6.42,4.954,0.064,71
50.5114,156.3963,93.002,4.3,17,138.0,2.723,0.62,us,12.95,9.25,0.189,9
4.5463,125.8157,165.912,4.3,22,128.0,0.383,0.83,us,7.83,6.115,0.154,12
-6.252,151.6438,10.0,4.8,82,132.0,1.97,0.56,us,7.4,1.874,0.061,86
25.8294,66.5927,10.0,4.1,25,95.0,9.435,0.74,us,7.12,1.868,0.119,19
50.3301,159.134,10.0,4.4,21,133.0,2.714,0.71,us,11.28,1.924,0.155,12
51.6501,159.9621,37.046,4.4,37,138.0,1.594,1.07,us,11.09,7.9,0.1,29
-59.4712,-61.572,10.0,4.6,31,120.0,5.448,0.92,us,9.81,1.92,0.107,26
-54.6925,-0.8853,10.0,4.5,10,146.0,17.065,0.62,us,17.0,1.937,0.18,10
-47.7943,115.8814,10.0,4.5,17,128.0,14.885,0.67,us,9.59,1.921,0.144,14
9.8202,126.0977,32.396,4.5,13,139.0,2.781,1.27,us,15.3,5.594,0.192,8
53.6168,162.1129,10.0,4.2,13,111.0,2.161,1.1,us,8.59,1.922,0.167,12
32.8999,88.3856,10.0,4.2,32,143.0,3.957,0.89,us,8.32,1.825,0.096,30
-4.5409,102.379,47.958,4.6,31,70.0,0.602,0.77,us,8.64,7.584,0.114,23
52.6415,160.5051,35.0,5.1,204,103.0,1.189,0.96,us,7.9,1.886,0.022,642
40.7299,13.6049,404.05,4.1,59,53.0,0.789,0.77,us,7.37,6.317,0.123,18
-15.7861,-174.2249,135.094,4.7,146,50.0,3.01,0.68,us,7.97,5.981,0.043,165
-0.1362,123.7299,131.251,4.1,33,72.0,1.314,1.09,us,7.65,7.878,0.103,27
51.4925,160.144,10.0,4.3,24,120.0,1.787,0.49,us,10.37,1.922,0.129,17
13.9315,120.8166,93.766,4.7,115,99.0,8.842,0.85,us,8.41,7.29,0.043,161
50.6611,156.4043,79.088,4.2,57,129.0,2.579,0.49,us,10.71,6.409,0.077,47
-59.3012,-60.2417,10.0,4.8,30,113.0,5.776,0.63,us,10.53,1.915,0.095,38
53.567,159.7568,69.142,4.2,28,159.0,0.859,0.92,us,13.52,9.645,0.124,18
50.1719,158.2134,25.912,4.1,15,163.0,2.869,0.76,us,13.71,6.753,0.197,8
-4.8916,152.2379,58.116,4.6,34,126.0,0.618,0.6,us,9.16,7.439,0.109,25
54.4877,-160.3001,36.392,3.7,34,158.0,0.537,0.74,us,5.4,7.634,0.191,7
50.9313,158.6765,35.0,4.4,22,137.0,2.095,0.4,us,11.39,1.946,0.13,17
48.8248,155.9886,10.0,4.5,28,138.0,4.423,0.8,us,12.93,1.91,0.122,20
6.4695,93.6271,47.953,4.1,20,201.0,3.525,1.1,us,8.07,9.763,0.139,14
-9.6313,125.0453,10.0,4.1,11,131.0,0.777,0.98,us,7.37,1.938,0.213,6
12.4243,123.6545,10.0,4.4,22,123.0,7.852,0.72,us,7.79,1.9,0.115,22
30.0981,70.1192,10.0,4.7,66,100.0,4.482,0.73,us,7.3,1.884,0.085,42
51.7892,160.1862,39.581,4.3,62,162.0,1.554,0.88,us,10.68,7.456,0.076,48
52.9033,160.477,43.072,4.3,23,165.0,1.112,0.94,us,13.0,9.866,0.147,13
-56.7236,-23.9957,10.0,5.1,28,189.0,7.503,0.91,us,15.03,1.965,0.112,26
52.9253,160.7012,36.108,4.4,41,161.0,1.244,1.03,us,11.77,9.505,0.098,30
-60.0063,-62.7255,10.0,4.5,12,150.0,4.825,1.19,us,14.83,1.959,0.163,11
51.135,159.0378,35.0,4.8,30,129.0,1.906,0.94,us,10.63,1.942,0.093,36
-7.7947,108.7198,99.247,4.8,86,54.0,1.111,0.66,us,7.79,5.15,0.059,88
51.8198,161.2018,10.0,4.2,35,120.0,1.973,1.02,us,10.62,1.922,0.092,34
52.7818,160.9545,10.0,4.6,39,119.0,1.417,0.62,us,10.4,1.902,0.048,131
41.0404,142.932,43.061,4.3,63,134.0,0.988,0.51,us,6.36,7.724,0.085,39
51.5809,160.1036,10.0,4.4,18,152.0,1.698,0.71,us,10.16,1.951,0.138,15
49.085,154.7268,87.088,4.3,47,133.0,4.442,0.74,us,11.02,8.279,0.092,33
10.6259,-86.0467,10.0,4.3,34,203.0,1.127,0.93,us,8.6,1.982,0.113,22
49.8334,155.8118,64.365,4.7,77,132.0,3.485,0.59,us,3.9,6.798,0.035,251
23.8192,113.0399,10.0,4.0,28,73.0,4.927,0.57,us,9.95,1.935,0.164,10
24.0622,121.8513,13.298,4.6,50,51.0,0.259,0.4,us,2.88,3.477,0.096,32
52.8477,161.1145,10.0,4.9,84,133.0,1.502,1.02,us,10.63,1.79,0.034,263
11.5957,-87.3782,44.982,4.4,79,150.0,2.078,0.63,us,9.19,8.755,0.066,69
4.4911,-73.2066,10.0,4.4,23,76.0,1.165,0.33,us,6.1,1.901,0.134,16
9.3593,93.9247,10.0,4.9,105,45.0,2.56,0.68,us,7.38,1.853,0.056,99
49.5798,156.166,60.602,4.3,29,178.0,3.662,0.69,us,13.02,3.992,0.123,19
54.4392,-160.3767,38.202,4.0,48,155.0,0.603,0.91,us,6.58,8.526,0.125,17
50.2263,158.6348,10.0,4.3,21,140.0,2.801,0.43,us,12.46,1.9,0.138,15
50.8934,158.3331,10.0,4.4,34,165.0,2.142,0.5,us,12.3,1.963,0.112,23
50.9466,158.3248,42.979,4.4,38,129.0,2.09,1.02,us,11.02,8.132,0.107,25
1.2119,128.7123,11.376,4.2,33,77.0,3.276,0.6,us,7.63,4.926,0.118,20
51.9347,161.4937,10.0,4.2,27,131.0,2.053,0.95,us,11.81,1.913,0.128,17
-33.8851,-179.2063,41.327,4.2,14,263.0,4.19,0.33,us,17.27,12.589,0.186,8
51.7857,159.8227,25.681,5.8,44,60.0,1.433,0.63,us,5.47,4.543,0.131,28
52.5725,172.3886,35.549,3.9,28,206.0,1.054,0.81,us,13.5,10.179,0.11,22
-24.0951,-66.7639,192.487,4.7,90,58.0,1.727,1.1,us,9.25,6.916,0.033,275
1.0344,97.1099,10.0,4.7,69,139.0,2.45,0.44,us,7.04,1.888,0.072,59
13.5916,124.9483,10.0,4.4,23,136.0,6.511,0.53,us,13.95,1.941,0.144,14
41.5353,141.981,66.838,4.3,42,127.0,1.002,0.84,us,5.19,8.431,0.102,27
52.7173,160.8827,39.617,4.2,47,163.0,1.388,0.59,us,13.14,8.857,0.081,43
41.7707,82.0621,10.0,4.3,30,119.0,2.459,0.78,us,8.25,1.937,0.133,16
52.1177,160.647,10.0,4.7,18,135.0,1.519,0.66,us,12.18,1.926,0.138,16
49.9024,156.2146,55.955,4.2,27,138.0,3.342,0.71,us,12.84,8.429,0.128,17
-17.9161,-178.2736,609.741,4.3,63,100.0,2.668,0.93,us,15.2,10.902,0.072,55
51.8618,158.4508,56.723,4.3,45,124.0,1.17,0.48,us,10.76,7.499,0.078,46
12.8133,-89.3185,40.952,4.0,31,183.0,0.968,0.76,us,7.31,14.919,0.134,15
49.8435,157.9922,10.0,4.8,29,128.0,3.211,1.15,us,10.4,1.906,0.122,21
52.2324,160.5178,28.062,4.2,18,124.0,1.387,0.59,us,5.57,6.387,0.146,14
50.1614,158.9455,10.0,4.4,39,134.0,2.872,0.79,us,9.87,1.905,0.098,30
29.3483,130.5906,42.233,4.5,43,108.0,2.157,0.64,us,6.79,8.102,0.097,31
-2.472,139.582,46.472,4.1,19,73.0,1.121,0.88,us,6.9,8.584,0.166,10
35.3261,133.2564,10.0,4.4,25,55.0,1.671,0.65,us,6.32,1.889,0.19,8
51.8605,161.6829,10.0,4.1,22,167.0,2.191,0.45,us,6.91,1.976,0.157,11
-7.2941,102.6093,10.0,4.8,48,71.0,2.796,0.77,us,6.41,1.862,0.088,40
-5.7931,149.2529,125.323,4.8,55,63.0,3.132,0.52,us,9.55,6.798,0.055,104
-24.7421,-173.8807,10.0,4.4,15,138.0,6.727,0.54,us,9.18,1.921,0.154,13
7.1713,126.8099,81.491,4.9,85,109.0,1.226,1.24,us,8.44,7.102,0.066,72
44.6606,150.2677,35.0,4.5,95,87.0,5.527,0.47,us,10.32,1.916,0.064,77
23.9344,122.3253,10.0,4.4,41,74.0,0.709,0.67,us,2.77,1.891,0.11,24
14.0437,-89.8349,6.145,4.2,16,128.0,0.151,1.08,us,2.31,7.138,0.263,4
36.0794,28.0912,10.0,4.1,25,150.0,0.136,0.61,us,4.27,1.86,0.114,21
52.4163,160.6915,10.0,5.6,109,102.0,1.383,0.95,us,9.4,1.856,0.038,242
52.9258,160.7153,35.0,4.3,24,124.0,1.253,0.77,us,5.49,1.947,0.122,19
49.2887,155.223,35.0,4.4,32,186.0,4.129,0.89,us,9.09,1.942,0.117,21
-5.883,149.3334,99.962,4.8,65,86.0,3.106,0.49,us,7.67,7.212,0.078,54
-4.372,102.3469,56.753,4.8,56,95.0,0.607,0.91,us,5.97,6.594,0.083,45
50.1902,159.1222,10.0,4.3,22,134.0,2.852,0.8,us,11.14,1.926,0.133,16
-15.4012,-176.1986,330.0,4.2,32,113.0,4.524,0.68,us,14.64,1.973,0.081,42
32.5133,137.4909,379.239,4.3,103,69.0,2.046,0.74,us,8.97,8.022,0.06,78
-0.5822,128.0835,10.0,4.8,46,61.0,1.524,1.15,us,5.43,1.882,0.1,31
51.6277,159.1623,47.227,4.6,91,135.0,1.733,0.44,us,10.48,7.215,0.061,79
-22.001,-175.6772,73.286,4.9,38,123.0,7.215,0.96,us,15.14,6.469,0.109,29
51.332,159.1397,35.0,4.4,46,177.0,1.721,1.24,us,8.11,1.757,0.094,35
37.7023,144.0108,10.0,4.6,80,134.0,3.838,0.5,us,9.62,1.892,0.07,62
52.8952,160.5992,28.802,4.0,26,118.0,1.186,0.77,us,7.82,4.227,0.111,22
-8.6238,127.3137,35.0,4.4,29,70.0,3.211,0.68,us,7.51,1.934,0.12,20
57.0401,-33.7465,10.0,4.5,31,142.0,7.288,0.6,us,13.06,1.948,0.118,21
51.6283,158.9044,35.0,4.2,32,123.0,1.406,0.77,us,8.68,1.947,0.118,20
-63.458,173.854,10.0,4.3,11,217.0,14.624,1.04,us,11.72,2.011,0.189,8
52.221,159.6112,52.772,4.6,99,119.0,0.995,0.61,us,9.42,6.823,0.059,84
-22.2645,-68.5286,114.878,4.1,23,47.0,0.757,0.7,us,4.01,6.09,0.151,12
42.1361,80.6653,10.0,4.5,29,165.0,1.432,1.07,us,5.45,1.9,0.145,14
-6.3743,149.3391,32.99,5.0,108,29.0,3.366,0.7,us,6.85,5.124,0.049,133
53.4962,160.2949,10.0,4.6,30,113.0,1.096,1.04,us,8.81,1.89,0.125,19
49.3182,155.4996,73.373,4.6,93,169.0,4.039,0.61,us,12.56,8.852,0.051,112
51.8442,160.1578,10.0,4.6,54,125.0,1.499,1.08,us,8.29,1.887,0.064,74
-16.9042,-173.874,10.0,4.6,28,81.0,3.597,0.67,us,11.24,1.596,0.128,18
26.0221,128.3885,10.0,4.3,23,79.0,0.817,1.2,us,5.63,1.259,0.142,14
-33.9048,-178.86,10.0,5.1,39,84.0,4.316,1.04,us,8.45,1.843,0.096,37
-56.0995,-26.3115,72.491,4.7,45,124.0,6.106,0.68,us,11.95,5.941,0.123,22
51.6428,159.3522,33.276,4.6,109,87.0,1.448,0.69,us,8.57,5.52,0.051,113
51.698,159.7912,33.141,4.7,66,126.0,1.501,0.86,us,9.48,5.71,0.074,55
7.327,-73.7849,91.758,4.6,229,72.0,1.587,0.96,us,5.85,7.176,0.027,415
-5.7622,146.629,90.482,4.6,49,97.0,3.657,1.07,us,9.04,7.726,0.074,54
29.314,130.5112,38.92,4.3,32,128.0,2.189,0.99,us,8.3,3.609,0.119,20
-14.9634,166.5495,10.0,4.5,30,60.0,0.793,1.08,us,7.49,1.905,0.115,22
29.3359,129.3647,10.0,4.3,31,109.0,2.361,0.53,us,7.96,1.91,0.122,19
35.1068,25.3162,10.0,4.3,83,93.0,0.393,0.7,us,3.98,1.806,0.062,73
-7.1616,130.0467,68.662,4.3,37,40.0,4.751,0.72,us,8.31,6.907,0.113,22
-15.9833,-175.2045,271.983,4.4,40,57.0,3.898,0.7,us,11.82,7.767,0.085,40
-49.0079,124.7052,10.0,4.1,17,136.0,16.835,0.55,us,13.8,1.842,0.145,13
50.3078,158.4395,25.262,5.0,124,92.0,2.723,0.76,us,7.9,4.176,0.029,381
41.0148,51.8809,53.722,4.2,41,134.0,2.641,0.88,us,10.16,10.756,0.084,39
52.7251,161.0944,10.0,4.3,31,120.0,1.511,1.08,us,9.97,1.899,0.107,25
-4.4241,144.3302,133.215,5.1,176,18.0,3.844,0.54,us,6.25,4.679,0.048,143
53.0932,159.8619,51.355,4.3,63,117.0,0.735,1.12,us,8.64,6.131,0.076,50
-9.5362,113.7626,43.886,4.3,22,137.0,1.127,0.84,us,8.94,9.06,0.138,15
27.1384,-44.6813,10.0,4.4,18,153.0,18.136,0.94,us,12.35,1.916,0.179,11
-11.3764,113.0062,10.0,4.6,38,49.0,3.101,1.0,us,7.88,1.776,0.114,26
51.4756,158.0179,42.348,4.6,37,109.0,1.598,0.66,us,9.55,7.387,0.111,24
-30.0468,-71.6739,33.23,4.2,31,192.0,0.399,1.3,us,6.65,6.465,0.263,4
53.2429,159.8177,51.794,4.6,39,116.0,0.737,0.97,us,7.53,6.104,0.096,32
32.1707,140.243,10.0,4.4,20,139.0,1.009,0.46,us,6.19,1.905,0.149,13
-47.4548,97.5199,10.0,4.6,14,126.0,20.085,0.38,us,11.76,1.881,0.158,12
52.5188,160.9003,10.0,5.0,39,125.0,1.458,1.11,us,8.43,1.892,0.109,27
50.4902,159.7887,10.0,4.2,16,136.0,2.634,0.47,us,10.23,1.923,0.186,8
30.8874,142.5736,10.0,4.4,33,145.0,3.229,0.8,us,10.87,1.906,0.118,21
-55.9869,-123.8004,10.0,4.5,19,88.0,32.823,1.13,us,17.84,1.869,0.145,14
10.9002,123.9972,10.0,4.3,24,131.0,4.114,0.67,us,15.11,1.923,0.134,16
-20.8705,-178.6275,600.489,4.1,23,203.0,4.415,0.51,us,21.78,19.505,0.131,19
52.3254,160.6254,10.0,5.4,91,113.0,1.391,0.81,us,8.88,1.868,0.021,767
-8.2761,107.0433,41.036,4.9,44,173.0,1.007,1.09,us,7.98,6.932,0.107,27
51.3725,158.9547,42.945,4.4,78,127.0,1.664,0.76,us,8.65,7.141,0.058,87
52.8627,159.4762,58.953,4.0,24,119.0,0.525,0.63,us,11.04,7.12,0.129,16
-19.1224,-177.7628,557.75,4.4,17,131.0,3.792,0.37,us,11.96,12.28,0.154,13
-21.4558,169.8375,35.0,4.7,32,119.0,2.499,0.92,us,6.17,1.857,0.106,27
54.5599,-159.8372,34.724,3.6,29,206.0,0.307,0.95,us,7.32,6.1,0.249,4
50.1777,157.445,27.139,4.7,13,132.0,2.939,1.04,us,13.43,6.102,0.13,18
7.1025,-82.283,10.0,4.8,83,86.0,3.127,0.73,us,6.65,1.885,0.044,160
41.8774,87.9952,10.0,4.5,50,112.0,6.012,1.01,us,11.25,1.909,0.095,32
23.6902,-44.9762,10.0,4.7,38,104.0,16.824,0.76,us,13.47,1.917,0.092,36
-12.8599,167.3238,10.0,4.7,27,157.0,2.574,0.49,us,13.2,1.947,0.117,24
52.5009,160.346,35.0,5.2,84,96.0,1.156,1.25,us,8.68,1.86,0.033,294
-6.1302,151.4819,10.0,4.7,56,149.0,1.891,0.4,us,8.98,1.878,0.073,58
-15.732,-171.3705,10.0,4.6,21,67.0,1.669,0.93,us,6.74,1.889,0.137,16
-55.7465,-26.7427,18.704,5.1,102,67.0,5.795,0.68,us,10.61,3.785,0.061,88
28.3641,141.9716,36.792,4.2,34,134.0,1.278,0.74,us,8.58,7.356,0.105,25
-21.4489,-66.4781,225.189,4.0,50,67.0,2.173,0.99,us,8.4,8.046,0.126,17
37.1642,141.3804,10.0,4.7,107,95.0,2.618,0.68,us,7.16,1.854,0.061,81
52.2925,160.7737,32.138,4.6,28,134.0,1.486,1.09,us,12.52,6.786,0.116,22
6.5236,-76.2637,10.0,4.9,64,86.0,2.553,1.1,us,7.21,1.883,0.031,319
51.6796,159.5076,35.0,5.0,78,155.0,1.445,0.74,us,8.47,1.916,0.081,48
40.9025,83.7133,10.0,4.2,19,118.0,3.413,1.12,us,8.1,1.976,0.2,7
52.688,160.8695,24.19,5.2,24,136.0,1.387,0.92,us,12.3,4.919,0.139,17
52.8618,160.2283,29.095,4.0,21,150.0,0.969,0.44,us,11.84,5.776,0.126,17
-8.113,115.3605,203.42,4.0,17,77.0,1.248,0.69,us,8.14,8.529,0.156,12
64.4991,-40.2659,10.0,4.4,59,89.0,4.1,0.57,us,8.05,1.913,0.056,93
-21.9013,-68.5851,140.742,4.0,22,87.0,0.619,0.7,us,6.21,7.4,0.231,6
49.1481,157.5807,10.0,4.5,28,138.0,3.938,0.76,us,11.46,1.93,0.131,17
51.0814,159.487,10.0,4.0,25,138.0,2.012,0.33,us,10.34,1.925,0.126,17
13.8938,39.803,10.0,4.3,28,97.0,3.786,0.79,us,6.44,1.945,0.125,18
52.2516,160.7421,10.0,5.1,97,107.0,1.491,0.67,us,7.86,1.858,0.022,650
52.7639,160.8662,10.0,4.5,15,158.0,1.368,0.58,us,9.33,1.959,0.151,13
37.7922,144.1409,10.0,4.4,32,136.0,3.828,0.83,us,9.62,1.911,0.149,15
19.0733,145.477,204.514,4.3,31,125.0,3.823,1.04,us,13.41,9.562,0.109,24
-22.988,172.8212,10.0,4.5,13,135.0,4.973,0.61,us,7.43,1.953,0.18,9
12.703,144.2187,26.757,4.4,13,119.0,1.085,0.42,us,8.22,7.392,0.219,6
-39.6702,-75.1516,10.0,4.3,24,142.0,1.346,0.66,us,8.88,1.92,0.138,15
50.5956,157.9756,35.0,4.8,76,130.0,2.467,0.55,us,9.98,1.919,0.07,62
-6.5808,129.754,143.866,4.4,12,113.0,2.05,0.49,us,12.56,9.408,0.179,9
52.199,160.5367,10.0,4.4,23,143.0,1.416,1.15,us,10.02,1.928,0.123,19
49.9825,156.8591,35.0,4.9,81,120.0,3.174,0.7,us,10.71,1.91,0.045,151
-4.4101,134.0062,10.0,4.7,16,57.0,1.718,0.63,us,4.61,1.926,0.183,9
52.5074,160.7114,10.0,4.5,28,137.0,1.355,0.91,us,10.98,1.925,0.14,15
